  0.000000000000000E+000 -6.106561564579532E-002  5.688439339568419E-007
  7.812500000000000E-003 -6.096511426469144E-002 -5.849314216407261E-004
  1.562500000000000E-002 -6.123661097291769E-002 -5.409174570534872E-004
  2.343750000000000E-002 -6.263796098648917E-002 -1.573179263688704E-003
  3.125000000000000E-002 -6.352962254633128E-002 -2.193556659709092E-003
  3.906250000000000E-002 -6.966205921270918E-002 -7.131807059008670E-003
  4.687500000000000E-002 -5.200793160249491E-002 -1.315452535507342E-002
  5.468750000000000E-002 -5.467823844727012E-002 -8.338934866554154E-003
  6.250000000000000E-002 -5.328176282654939E-002 -9.232227853710639E-003
  7.031250000000000E-002 -5.195000951593541E-002 -7.287813690355999E-003
  7.812500000000000E-002 -5.242983050908291E-002 -6.069018252556284E-003
  8.593750000000000E-002 -5.623722239827211E-002 -7.222396743688249E-003
  9.375000000000000E-002 -5.725980255792384E-002 -1.873761375036920E-002
  0.101562500000000      -3.882304015757330E-002 -2.137617908568790E-002
  0.109375000000000      -2.590833770628315E-002 -1.221758913716513E-002
  0.117187500000000      -2.179593970175086E-002  9.660876997387643E-004
  0.125000000000000      -1.815123604554805E-002  1.956689580156255E-002
  0.132812500000000      -3.711068656012460E-002  3.306921935192497E-002
  0.140625000000000      -5.400045104416236E-002  3.264311671115566E-002
  0.148437500000000      -5.766155838066273E-002  2.508793089144266E-002
  0.156250000000000      -5.980557354045766E-002  2.681193197230251E-002
  0.164062500000000      -6.848080423945201E-002  2.739855810130640E-002
  0.171875000000000      -7.710125768741286E-002  2.432889114661028E-002
  0.179687500000000      -8.453614263073983E-002  1.584106789476814E-002
  0.187500000000000      -8.622545298895327E-002  4.896864902913814E-003
  0.195312500000000      -8.113886879983369E-002 -5.024686754918184E-003
  0.203125000000000      -7.415809713099672E-002 -5.498253599498661E-003
  0.210937500000000      -7.117846147168941E-002 -5.731137099270957E-003
  0.218750000000000      -6.789013826938112E-002 -5.082658920712628E-003
  0.226562500000000      -6.609343365618202E-002 -2.802135782768590E-003
  0.234375000000000      -6.809946681599585E-002  1.285711666119078E-003
  0.242187500000000      -6.944671627668478E-002 -3.239224662459059E-003
  0.250000000000000      -6.640973991646780E-002 -3.172883653202889E-003
  0.257812500000000      -6.378505618249401E-002  1.642112233030707E-003
  0.265625000000000      -6.800789431145826E-002  4.200985942659725E-003
  0.273437500000000      -7.016468186257561E-002  4.926815754803644E-003
  0.281250000000000      -6.693146005164251E-002  3.989995874689928E-003
  0.289062500000000      -7.283801542638196E-002  1.809106204880986E-002
  0.296875000000000      -8.598766288478482E-002  2.074560134480240E-002
  0.304687500000000      -9.257700851246799E-002  2.145095807366822E-002
  0.312500000000000      -0.123532428943484       2.129515148924573E-002
  0.320312500000000      -0.145323923227451      -5.375999112208027E-003
  0.328125000000000      -0.149409360237465      -4.664501997074971E-002
  0.335937500000000      -0.120741605454999      -7.591906706483434E-002
  0.343750000000000      -9.283876798416434E-002 -8.814129210994548E-002
  0.351562500000000      -5.974758173823288E-002 -8.877895306176070E-002
  0.359375000000000      -3.131727983471560E-002 -6.266101096627071E-002
  0.367187500000000      -3.075536958312339E-002 -3.808860969928506E-002
  0.375000000000000      -3.699307128189982E-002 -2.091606142371342E-002
  0.382812500000000      -4.855283471253310E-002 -9.195584043717189E-003
  0.390625000000000      -6.263054329086533E-002 -8.626323581343243E-003
  0.398437500000000      -7.047984897177276E-002 -1.162700126337718E-002
  0.406250000000000      -7.603702075243390E-002 -1.551159354791800E-002
  0.414062500000000      -7.954146894934420E-002 -2.037813890257050E-002
  0.421875000000000      -8.151206130056891E-002 -2.356857080880292E-002
  0.429687500000000      -8.436346705159593E-002 -2.705792103061317E-002
  0.437500000000000      -8.778793285285430E-002 -3.162985117605657E-002
  0.445312500000000      -9.213313849569321E-002 -4.045883462539325E-002
  0.453125000000000      -8.874129080385719E-002 -5.022728597088676E-002
  0.460937500000000      -8.402043083895902E-002 -5.795143758722997E-002
  0.468750000000000      -7.719807606451851E-002 -6.466296635715635E-002
  0.476562500000000      -6.679098021194757E-002 -6.883617138225975E-002
  0.484375000000000      -5.901689216764236E-002 -6.635499867733162E-002
  0.492187500000000      -5.396472303229830E-002 -6.470165323732557E-002
  0.500000000000000      -4.955281918491386E-002 -6.349982442718501E-002
  0.507812500000000      -4.479444151566447E-002 -6.235065606096722E-002
  0.515625000000000      -3.961470798947647E-002 -5.902372342877639E-002
  0.523437500000000      -3.689851553255551E-002 -5.531421295300533E-002
  0.531250000000000      -3.484868345575447E-002 -5.204216955917978E-002
  0.539062500000000      -3.314997804921483E-002 -4.878778351522759E-002
  0.546875000000000      -3.193140040460218E-002 -4.492346952082697E-002
  0.554687500000000      -3.262485670438942E-002 -4.177148006690407E-002
  0.562500000000000      -3.315990304461135E-002 -3.956514606563972E-002
  0.570312500000000      -3.362241542118678E-002 -3.762263848961950E-002
  0.578125000000000      -3.417877235627672E-002 -3.564413892043845E-002
  0.585937500000000      -3.594630548728267E-002 -3.343840836060472E-002
  0.593750000000000      -3.772251464022269E-002 -3.347937537993954E-002
  0.601562500000000      -3.846156709849470E-002 -3.375460463086030E-002
  0.609375000000000      -3.863685775376317E-002 -3.388165181682026E-002
  0.617187500000000      -3.854206177381909E-002 -3.364014094426108E-002
  0.625000000000000      -3.882814244493013E-002 -3.300569493707083E-002
  0.632812500000000      -3.916948249606172E-002 -3.281620750046852E-002
  0.640625000000000      -3.939573771976074E-002 -3.254051810394129E-002
  0.648437500000000      -3.972762445443728E-002 -3.214561941057933E-002
  0.656250000000000      -4.039831003654658E-002 -3.171313679461283E-002
  0.664062500000000      -4.189549609648462E-002 -3.167936891488492E-002
  0.671875000000000      -4.247037150348745E-002 -3.325881914232639E-002
  0.679687500000000      -4.233783067253043E-002 -3.444837394571399E-002
  0.687500000000000      -4.182329580155179E-002 -3.557238506422521E-002
  0.695312500000000      -4.086846612885091E-002 -3.669275876295387E-002
  0.703125000000000      -3.897969403439282E-002 -3.792280295605233E-002
  0.710937500000000      -3.541731205520366E-002 -3.613556799988583E-002
  0.718750000000000      -3.521619182294947E-002 -3.387057834816080E-002
  0.726562500000000      -3.546573367298990E-002 -3.231035018163245E-002
  0.734375000000000      -3.604495986984836E-002 -3.101422498946665E-002
  0.742187500000000      -3.706246487809371E-002 -2.996106179539824E-002
  0.750000000000000      -3.881830716283938E-002 -2.937615196108594E-002
  0.757812500000000      -4.049104543340097E-002 -3.127817090578940E-002
  0.765625000000000      -4.004305752755472E-002 -3.290885932614284E-002
  0.773437500000000      -3.892723480742448E-002 -3.410127656026438E-002
  0.781250000000000      -3.711595075059043E-002 -3.487167175981810E-002
  0.789062500000000      -3.441233281022711E-002 -3.487385258342319E-002
  0.796875000000000      -3.064171809660678E-002 -3.295932289011981E-002
  0.804687500000000      -3.006757725807550E-002 -2.667518919974979E-002
  0.812500000000000      -3.258173842082648E-002 -2.381742903489076E-002
  0.820312500000000      -3.483099009043552E-002 -2.216567613434249E-002
  0.828125000000000      -3.694682939192853E-002 -2.102330351513625E-002
  0.835937500000000      -3.910359520547584E-002 -2.013136361932356E-002
  0.843750000000000      -4.166192995355750E-002 -1.943677407543603E-002
  0.851562500000000      -4.557471453289551E-002 -2.048577440929672E-002
  0.859375000000000      -4.607068720172282E-002 -2.278543079678693E-002
  0.867187500000000      -4.606395780371829E-002 -2.365183199424385E-002
  0.875000000000000      -4.609351312341383E-002 -2.374594226832111E-002
  0.882812500000000      -4.643007196778146E-002 -2.325901604072017E-002
  0.890625000000000      -4.737846612341829E-002 -2.235608771880725E-002
  0.898437500000000      -4.943106267248057E-002 -2.140641102017021E-002
  0.906250000000000      -5.255377679405504E-002 -2.267323543833332E-002
  0.914062500000000      -5.328257077049511E-002 -2.429986036301032E-002
  0.921875000000000      -5.363555626908719E-002 -2.508753053740013E-002
  0.929687500000000      -5.403643100793814E-002 -2.533230679342808E-002
  0.937500000000000      -5.463738200214414E-002 -2.521317780765114E-002
  0.945312500000000      -5.546204202603202E-002 -2.485430998267130E-002
  0.953125000000000      -5.636138207034370E-002 -2.428165291823776E-002
  0.960937500000000      -5.714044606270681E-002 -2.225659576078975E-002
  0.968750000000000      -6.045560480037283E-002 -1.981205000462325E-002
  0.976562500000000      -6.512108591685099E-002 -1.798679126595738E-002
  0.984375000000000      -7.123323953243803E-002 -1.689267786873565E-002
  0.992187500000000      -7.900054514516493E-002 -1.702259740179681E-002
   1.00000000000000      -8.856660644632727E-002 -1.927861947356292E-002
   1.00781250000000      -9.976833149352417E-002 -2.525514921676808E-002
   1.01562500000000      -0.111442042821063      -3.882943762142611E-002
   1.02343750000000      -0.109032801111799      -5.571385455034866E-002
   1.03125000000000      -0.105909938899638      -6.568758631186329E-002
   1.03906250000000      -0.103129498429654      -7.418336875227786E-002
   1.04687500000000      -0.100372427097753      -8.233647520023049E-002
   1.05468750000000      -9.723393057238267E-002 -9.072501618060555E-002
   1.06250000000000      -9.310410387693793E-002 -9.971882512704772E-002
   1.07031250000000      -8.685519463070474E-002 -0.109485722844819     
   1.07812500000000      -7.464862142933869E-002 -0.118205075009188     
   1.08593750000000      -6.420438845811111E-002 -0.119008577874229     
   1.09375000000000      -5.627081681109917E-002 -0.119580206120583     
   1.10156250000000      -4.935591686584764E-002 -0.120012677123844     
   1.10937500000000      -4.299293832493831E-002 -0.120371272509914     
   1.11718750000000      -3.690106912168732E-002 -0.120685474386339     
   1.12500000000000      -3.084926270257353E-002 -0.120948111061842     
   1.13281250000000      -2.459622418991049E-002 -0.121094898972844     
   1.14062500000000      -1.774190124856830E-002 -0.120978185378992     
   1.14843750000000      -1.066442193205682E-002 -0.119064069275922     
   1.15625000000000      -4.455365883205244E-003 -0.116683601512864     
   1.16406250000000       1.448031398718980E-003 -0.113919961718214     
   1.17187500000000       7.148840902192144E-003 -0.110663489721547     
   1.17968750000000       1.264269922001971E-002 -0.106771481330134     
   1.18750000000000       1.784027262364205E-002 -0.102065772464765     
   1.19531250000000       2.254048085785150E-002 -9.630808859030822E-002
   1.20312500000000       2.631683375143886E-002 -8.907793473212330E-002
   1.21093750000000       2.624374556384584E-002 -7.992587144442781E-002
   1.21875000000000       2.383826316240063E-002 -7.475732048577219E-002
   1.22656250000000       2.181263187718324E-002 -7.102212022734269E-002
   1.23437500000000       1.991746831680026E-002 -6.812188817263126E-002
   1.24218750000000       1.806580547048500E-002 -6.588488006134212E-002
   1.25000000000000       1.622674096344124E-002 -6.427602827894399E-002
   1.25781250000000       1.441504892332015E-002 -6.334251604486686E-002
   1.26562500000000       1.270287681824972E-002 -6.321273009820094E-002
   1.27343750000000       1.125453903749913E-002 -6.419279564585617E-002
   1.28125000000000       1.198394629817195E-002 -6.725840137738939E-002
   1.28906250000000       1.497930987792099E-002 -6.767612523388331E-002
   1.29687500000000       1.759339462430852E-002 -6.696340343726188E-002
   1.30468750000000       1.996296996880789E-002 -6.566802583191628E-002
   1.31250000000000       2.214419682756325E-002 -6.395778755881623E-002
   1.32031250000000       2.416893733940787E-002 -6.189815798357954E-002
   1.32812500000000       2.606839152959373E-002 -5.950293119717887E-002
   1.33593750000000       2.791205729329142E-002 -5.671780301583856E-002
   1.34375000000000       2.985774390981085E-002 -5.316940818766977E-002
   1.35156250000000       3.088429561388602E-002 -4.747388860533022E-002
   1.35937500000000       2.799742074217091E-002 -4.303942612207138E-002
   1.36718750000000       2.566346868202097E-002 -4.056005276305172E-002
   1.37500000000000       2.359380946828371E-002 -3.870993039248548E-002
   1.38281250000000       2.169314750483536E-002 -3.727295713785217E-002
   1.39062500000000       1.992590897455468E-002 -3.615274330742614E-002
   1.39843750000000       1.827697081603605E-002 -3.529583188709905E-002
   1.40625000000000       1.673976123634098E-002 -3.467112979936331E-002
   1.41406250000000       1.531098130320323E-002 -3.426800303415308E-002
   1.42187500000000       1.399233224543475E-002 -3.411749376139184E-002
   1.42968750000000       1.286513420812877E-002 -3.448028895878327E-002
   1.43750000000000       1.282614880456124E-002 -3.456329185237822E-002
   1.44531250000000       1.263860167826469E-002 -3.420889722244129E-002
   1.45312500000000       1.242581942393788E-002 -3.370362014112977E-002
   1.46093750000000       1.220558703061535E-002 -3.306980576556375E-002
   1.46875000000000       1.197466857533929E-002 -3.229049596377553E-002
   1.47656250000000       1.170835893813558E-002 -3.132239936685987E-002
   1.48437500000000       1.134394472525747E-002 -3.010012390895266E-002
   1.49218750000000       1.075142435356292E-002 -2.854968519283952E-002
   1.50000000000000       9.696330522018196E-003 -2.662342212830424E-002
   1.50781250000000       7.772488831129742E-003 -2.433086781788680E-002
   1.51562500000000       3.813583208609170E-003 -2.278402267000649E-002
   1.52343750000000       2.415952915417532E-004 -2.309390873210796E-002
   1.53125000000000      -2.985071516078169E-003 -2.397443445636302E-002
   1.53906250000000      -6.017285345783340E-003 -2.534607387724158E-002
   1.54687500000000      -8.886119379527505E-003 -2.720864337745768E-002
   1.55468750000000      -1.157983950976383E-002 -2.959101206540002E-002
   1.56250000000000      -1.405918574456269E-002 -3.254131724912250E-002
   1.57031250000000      -1.625968770447855E-002 -3.612862295982609E-002
   1.57812500000000      -1.808714272525133E-002 -4.045750666194911E-002
   1.58593750000000      -1.940075122120213E-002 -4.572054514340100E-002
   1.59375000000000      -1.993270301888423E-002 -5.247107629093073E-002
   1.60156250000000      -1.596950739998556E-002 -6.098756969436010E-002
   1.60937500000000      -1.014813583909391E-002 -6.552782962381579E-002
   1.61718750000000      -4.381097593375755E-003 -6.856695986230461E-002
   1.62500000000000       1.445731597200860E-003 -7.056572231829872E-002
   1.63281250000000       7.360085434920283E-003 -7.166033032018482E-002
   1.64062500000000       1.335334223675412E-002 -7.187985796128719E-002
   1.64843750000000       1.938857372355566E-002 -7.119734469720078E-002
   1.65625000000000       2.539819877423899E-002 -6.954576078172239E-002
   1.66406250000000       3.127490930915548E-002 -6.681863347010929E-002
   1.67187500000000       3.685184146117164E-002 -6.285098351215104E-002
   1.67968750000000       4.184787702167060E-002 -5.732793869762323E-002
   1.68750000000000       4.495352755727880E-002 -4.871089361789191E-002
   1.69531250000000       4.289958001219531E-002 -4.285121863208121E-002
   1.70312500000000       4.149258016562268E-002 -3.905454948621566E-002
   1.71093750000000       4.038938357107530E-002 -3.604343484375591E-002
   1.71875000000000       3.948767845130519E-002 -3.347189961827280E-002
   1.72656250000000       3.873380729275434E-002 -3.117024035389444E-002
   1.73437500000000       3.809437221152582E-002 -2.903459897308927E-002
   1.74218750000000       3.754667557713554E-002 -2.699020341319500E-002
   1.75000000000000       3.707448241981970E-002 -2.497349434718390E-002
   1.75781250000000       3.666580281137624E-002 -2.291848925185753E-002
   1.76562500000000       3.631132093028432E-002 -2.073723235736578E-002
   1.77343750000000       3.600111253381138E-002 -1.826558985134145E-002
   1.78125000000000       3.564726295324398E-002 -1.474129245100115E-002
   1.78906250000000       3.290527509803273E-002 -1.166253063831618E-002
   1.79687500000000       3.034757685429272E-002 -9.640604315498492E-003
   1.80468750000000       2.782168373565094E-002 -8.056135387639246E-003
   1.81250000000000       2.528694483736848E-002 -6.797529335121202E-003
   1.82031250000000       2.272195441971185E-002 -5.826737639023073E-003
   1.82812500000000       2.011346399863187E-002 -5.135484991339694E-003
   1.83593750000000       1.745292449766522E-002 -4.733729691623279E-003
   1.84375000000000       1.473510361536923E-002 -4.647286488863620E-003
   1.85156250000000       1.195750217721163E-002 -4.920867676473040E-003
   1.85937500000000       9.120175920833709E-003 -5.628729031802081E-003
   1.86718750000000       6.225903890059874E-003 -6.905382387119283E-003
   1.87500000000000       3.281387722652324E-003 -9.067333827111942E-003
   1.88281250000000       1.526903518821020E-003 -1.345559984140277E-002
   1.89062500000000       2.285834115569318E-003 -1.639049438502783E-002
   1.89843750000000       3.132793764306353E-003 -1.844364884839475E-002
   1.90625000000000       4.074360869621395E-003 -2.004057070790209E-002
   1.91406250000000       5.109596799458598E-003 -2.130774507543581E-002
   1.92187500000000       6.234848143426834E-003 -2.229755367857672E-002
   1.92968750000000       7.444274929017794E-003 -2.303084042825043E-002
   1.93750000000000       8.729651010560103E-003 -2.351065442653886E-002
   1.94531250000000       1.007981299643856E-002 -2.372718519819471E-002
   1.95312500000000       1.147970760732369E-002 -2.365840526342752E-002
   1.96093750000000       1.290868231137415E-002 -2.326657832665069E-002
   1.96875000000000       1.433685675828666E-002 -2.248631979317348E-002
   1.97656250000000       1.571454677307643E-002 -2.118164239045719E-002
   1.98437500000000       1.684838930999566E-002 -1.869541095071969E-002
   1.99218750000000       1.569595416100333E-002 -1.663284099520489E-002
   2.00000000000000       1.466715934201797E-002 -1.548564540462199E-002
   2.00781250000000       1.366852236427738E-002 -1.469087856924472E-002
   2.01562500000000       1.268333285836908E-002 -1.413275677262274E-002
   2.02343750000000       1.170646019351823E-002 -1.376303539266245E-002
   2.03125000000000       1.073759196710929E-002 -1.355888046754083E-002
   2.03906250000000       9.779441794152900E-003 -1.351036978149859E-002
   2.04687500000000       8.837298868056072E-003 -1.361574812976435E-002
   2.05468750000000       7.919207524266631E-003 -1.387972808065509E-002
   2.06250000000000       7.036714725192083E-003 -1.431366811631547E-002
   2.07031250000000       6.206554154972951E-003 -1.493800025238995E-002
   2.07812500000000       5.454652909386499E-003 -1.578975659176859E-002
   2.08593750000000       4.828758994500438E-003 -1.694947910261321E-002
   2.09375000000000       4.569780368176105E-003 -1.882209021193069E-002
   2.10156250000000       5.688482402465196E-003 -2.006125003861061E-002
   2.10937500000000       6.646797142691533E-003 -2.071774059173256E-002
   2.11718750000000       7.548759158632675E-003 -2.111859540843258E-002
   2.12500000000000       8.412090654476729E-003 -2.134002980463603E-002
   2.13281250000000       9.241472845205871E-003 -2.141735270384621E-002
   2.14062500000000       1.003670211592080E-002 -2.137059612688957E-002
   2.14843750000000       1.079501145579196E-002 -2.121241932928719E-002
   2.15625000000000       1.151190117156889E-002 -2.095135369304912E-002
   2.16406250000000       1.218139056152631E-002 -2.059331747178669E-002
   2.17187500000000       1.279591265229139E-002 -2.014229103918625E-002
   2.17968750000000       1.334580239402843E-002 -1.960039140862035E-002
   2.18750000000000       1.381799577573325E-002 -1.896713883293739E-002
   2.19531250000000       1.419248686335971E-002 -1.823663527883557E-002
   2.20312500000000       1.442850058683864E-002 -1.738468001283211E-002
   2.21093750000000       1.422078331711973E-002 -1.642355772158446E-002
   2.21875000000000       1.388279918178485E-002 -1.595321818987750E-002
   2.22656250000000       1.364898393428993E-002 -1.560522557922915E-002
   2.23437500000000       1.346888805352046E-002 -1.531506828290612E-002
   2.24218750000000       1.332428030694923E-002 -1.505988168254364E-002
   2.25000000000000       1.320535924949552E-002 -1.482797233676536E-002
   2.25781250000000       1.310585632580025E-002 -1.461249207011895E-002
   2.26562500000000       1.302131667920949E-002 -1.440924120396785E-002
   2.27343750000000       1.294834326450970E-002 -1.421574537069807E-002
   2.28125000000000       1.288422937586025E-002 -1.403086781689842E-002
   2.28906250000000       1.282678933164244E-002 -1.385472926115475E-002
   2.29687500000000       1.277432960104717E-002 -1.368890595032761E-002
   2.30468750000000       1.272578782879289E-002 -1.353705845742296E-002
   2.31250000000000       1.268123000703675E-002 -1.340659608507435E-002
   2.32031250000000       1.264363527036992E-002 -1.331410876551679E-002
   2.32812500000000       1.263348887462481E-002 -1.332673802122506E-002
   2.33593750000000       1.290321509861145E-002 -1.327919540241093E-002
   2.34375000000000       1.313235502414602E-002 -1.307335115856191E-002
   2.35156250000000       1.333505854299368E-002 -1.280617108838315E-002
   2.35937500000000       1.351502780449429E-002 -1.249443506159178E-002
   2.36718750000000       1.367290796413186E-002 -1.214577776069212E-002
   2.37500000000000       1.380819261668447E-002 -1.176446869824444E-002
   2.38281250000000       1.391972133217537E-002 -1.135309977327335E-002
   2.39062500000000       1.400582461327939E-002 -1.091324355258779E-002
   2.39843750000000       1.406432355445454E-002 -1.044573049959530E-002
   2.40625000000000       1.409242733704046E-002 -9.950733286038474E-003
   2.41406250000000       1.408650749430940E-002 -9.427704378133778E-003
   2.42187500000000       1.404165977376871E-002 -8.875130375271089E-003
   2.42968750000000       1.395081122154744E-002 -8.289941590002101E-003
   2.43750000000000       1.380263613511147E-002 -7.666047477465783E-003
   2.44531250000000       1.357528335650356E-002 -6.989796289139327E-003
   2.45312500000000       1.320080085331143E-002 -6.213658676241032E-003
   2.46093750000000       1.238974029919016E-002 -5.666605525721810E-003
   2.46875000000000       1.175200118977745E-002 -5.423775343227362E-003
   2.47656250000000       1.120085355622244E-002 -5.247400826562616E-003
   2.48437500000000       1.070197773617566E-002 -5.111653954785071E-003
   2.49218750000000       1.024046932433581E-002 -5.005393325563663E-003
   2.50000000000000       9.807948029177335E-003 -4.922399594693001E-003
   2.53125000000000       8.279881875596957E-003 -4.760799475893019E-003
   2.56250000000000       6.971343491666248E-003 -4.795937584174851E-003
   2.59375000000000       5.749917828886095E-003 -5.030662926550040E-003
   2.62500000000000       4.820658538115163E-003 -5.531492408442664E-003
   2.65625000000000       4.086887425695959E-003 -6.096664961850205E-003
   2.68750000000000       3.477365502611825E-003 -6.836746191087057E-003
   2.71875000000000       3.267375006218952E-003 -8.240996813938917E-003
   2.75000000000000       4.489007568294694E-003 -8.499877514755450E-003
   2.78125000000000       4.933272775541155E-003 -8.294940340446484E-003
   2.81250000000000       5.218312592969235E-003 -8.012012059487851E-003
   2.84375000000000       5.388329206935983E-003 -7.662631476387984E-003
   2.87500000000000       5.409688427192855E-003 -7.283569994269875E-003
   2.90625000000000       5.418753971955707E-003 -7.013685396856869E-003
   2.93750000000000       5.448763842022109E-003 -6.709456408921659E-003
   2.96875000000000       5.475336686580356E-003 -6.368001603429152E-003
   3.00000000000000       5.489892483754626E-003 -5.978371789883228E-003
   3.03125000000000       5.444869692304861E-003 -5.493797416328824E-003
   3.06250000000000       5.306768752496208E-003 -5.092316948655817E-003
   3.09375000000000       5.205951645692122E-003 -4.671626385264003E-003
   3.12500000000000       5.096703922386543E-003 -4.188866265988408E-003
   3.15625000000000       4.940878963846044E-003 -3.616403360345473E-003
   3.18750000000000       4.645915187774834E-003 -2.876170362771591E-003
   3.21875000000000       3.981170053523032E-003 -2.372530618220025E-003
   3.25000000000000       3.411467135375604E-003 -2.009504812003921E-003
   3.28125000000000       2.845172221577669E-003 -1.686670197154339E-003
   3.31250000000000       2.259489739284803E-003 -1.387317203404619E-003
   3.34375000000000       1.640573427430462E-003 -1.081508829204339E-003
   3.37500000000000       7.629510648160878E-004 -7.045570771897595E-004
   3.40625000000000      -3.192850222361147E-004 -6.958106738863615E-004
   3.43750000000000      -1.417086419072806E-003 -1.004388310201467E-003
   3.46875000000000      -2.456995140888232E-003 -1.684933823075833E-003
   3.50000000000000      -3.289961057861772E-003 -2.841192630395131E-003
   3.53125000000000      -3.509432430129869E-003 -4.743171636692679E-003
   3.56250000000000      -1.782800053355797E-003 -5.683733556030277E-003
   3.59375000000000      -7.690494522110645E-004 -5.521771089530725E-003
   3.62500000000000      -8.151245792253209E-005 -5.116377913101700E-003
   3.65625000000000       3.998635466988601E-004 -4.547386896096493E-003
   3.68750000000000       7.116296924790030E-004 -3.808743695192095E-003
   3.71875000000000       7.950981040229857E-004 -2.760617119515894E-003
   3.75000000000000       4.958379115301004E-005 -1.941657957004586E-003
   3.78125000000000      -5.394673687441238E-004 -1.511220009021225E-003
   3.81250000000000      -1.086705205810938E-003 -1.137738570600299E-003
   3.84375000000000      -1.636935018359716E-003 -7.616666569323118E-004
   3.87500000000000      -2.226614097488699E-003 -3.281008226191599E-004
   3.90625000000000      -2.926688569266783E-003  2.826080966347681E-004
   3.93750000000000      -4.461630145447849E-003  9.979366989605575E-004
   3.96875000000000      -6.175754276621599E-003  8.538083135447867E-004
   4.00000000000000      -7.806823549383335E-003  2.858029618332085E-004
   4.03125000000000      -9.331973733976137E-003 -6.761755004570545E-004
   4.06250000000000      -1.068011170059264E-002 -2.048015655451161E-003
   4.09375000000000      -1.172881746496809E-002 -3.871266129025812E-003
   4.12500000000000      -1.211212640515785E-002 -6.375991925110253E-003
   4.15625000000000      -1.125958317072361E-002 -8.023954514106563E-003
   4.18750000000000      -1.059478458975057E-002 -9.277371569526143E-003
   4.21875000000000      -9.890052531958009E-003 -1.038141913449022E-002
   4.25000000000000      -9.093261544481604E-003 -1.137021574987000E-002
   4.28125000000000      -8.172448540349569E-003 -1.224450602060589E-002
   4.31250000000000      -7.084463570048202E-003 -1.298898803327399E-002
   4.34375000000000      -5.591711492675774E-003 -1.347506172044218E-002
   4.37500000000000      -4.442375075266455E-003 -1.315708842537442E-002
   4.40625000000000      -3.636580536979718E-003 -1.286185739902559E-002
   4.43750000000000      -2.987484382770259E-003 -1.257022117075662E-002
   4.46875000000000      -2.442307961964752E-003 -1.227762368029013E-002
   4.50000000000000      -1.974496035264450E-003 -1.198171648661281E-002
   4.53125000000000      -1.567263464384613E-003 -1.168061441652184E-002
   4.56250000000000      -1.204042514032819E-003 -1.137143565678109E-002
   4.59375000000000      -8.944741384973691E-004 -1.101396611156565E-002
   4.62500000000000      -6.635939041837700E-004 -1.066048419953000E-002
   4.65625000000000      -4.812767578011475E-004 -1.030859813830315E-002
   4.68750000000000      -3.423650574187649E-004 -9.949302317585954E-003
   4.71875000000000      -2.483253572177595E-004 -9.571575556146898E-003
   4.75000000000000      -2.085617041969468E-004 -9.157936464128713E-003
   4.78125000000000      -2.526342613867437E-004 -8.670491867510406E-003
   4.81250000000000      -6.566766392878849E-004 -8.023954822505489E-003
   4.84375000000000      -1.283984492853704E-003 -7.938615794003262E-003
   4.87500000000000      -1.765402679981896E-003 -8.030166770909012E-003
   4.90625000000000      -2.164079572779282E-003 -8.235567311784811E-003
   4.93750000000000      -2.486848739659778E-003 -8.537495985919210E-003
   4.96875000000000      -2.726216570381832E-003 -8.927498444572302E-003
   5.00000000000000      -2.864509208633754E-003 -9.400489069011633E-003
   5.03125000000000      -2.866195259760632E-003 -9.955642675003425E-003
   5.06250000000000      -2.547442989553117E-003 -1.056047129042384E-002
   5.09375000000000      -2.164684424313196E-003 -1.078926671087958E-002
   5.12500000000000      -1.875211077397413E-003 -1.097792505291839E-002
   5.15625000000000      -1.612502993336051E-003 -1.116090827048792E-002
   5.18750000000000      -1.354353602283247E-003 -1.135160788299195E-002
   5.21875000000000      -1.085512323844479E-003 -1.156116072054009E-002
   5.25000000000000      -7.890779593393155E-004 -1.180385316116316E-002
   5.28125000000000      -4.364637462493451E-004 -1.210549900283268E-002
   5.31250000000000       6.036619995812217E-005 -1.254623741920144E-002
   5.34375000000000       1.135093419938074E-003 -1.271208535457940E-002
   5.37500000000000       1.986179325912441E-003 -1.243839284308262E-002
   5.40625000000000       2.699454935001643E-003 -1.203510175686495E-002
   5.43750000000000       3.308916548683982E-003 -1.153516388592331E-002
   5.46875000000000       3.823620652112523E-003 -1.094916352029423E-002
   5.50000000000000       4.240958141285611E-003 -1.027763563288687E-002
   5.53125000000000       4.546444184456988E-003 -9.511585228466905E-003
   5.56250000000000       4.701537460404099E-003 -8.623661961148638E-003
   5.59375000000000       4.537684971365259E-003 -7.489530702268672E-003
   5.62500000000000       3.702058507006587E-003 -6.980396762647213E-003
   5.65625000000000       3.195041623923502E-003 -6.784579379602823E-003
   5.68750000000000       2.803297169813240E-003 -6.677078964190579E-003
   5.71875000000000       2.484111239557198E-003 -6.625497441438354E-003
   5.75000000000000       2.219985636729489E-003 -6.615841127026172E-003
   5.78125000000000       2.003224669075213E-003 -6.641035202595017E-003
   5.81250000000000       1.832294778094545E-003 -6.697936172612152E-003
   5.84375000000000       1.712870227427721E-003 -6.787247122886410E-003
   5.87500000000000       1.671776806311493E-003 -6.919577747177709E-003
   5.90625000000000       1.818884048758716E-003 -6.952291988291216E-003
   5.93750000000000       1.878306049835975E-003 -6.853983222124225E-003
   5.96875000000000       1.894408709896274E-003 -6.740053139739305E-003
   6.00000000000000       1.883909140524127E-003 -6.618545386844613E-003
   6.03125000000000       1.852324438562709E-003 -6.492166247225274E-003
   6.06250000000000       1.801175861911995E-003 -6.361769006635097E-003
   6.09375000000000       1.729366858325729E-003 -6.227069229445539E-003
   6.12500000000000       1.632676027639456E-003 -6.086510353468978E-003
   6.15625000000000       1.500203440489956E-003 -5.935871244206295E-003
   6.18750000000000       1.285259690491303E-003 -5.756354389240831E-003
   6.21875000000000       9.525965417314444E-004 -5.776227645905586E-003
   6.25000000000000       7.303821776821554E-004 -5.864426501633161E-003
   6.28125000000000       5.532802431355531E-004 -5.975691119028043E-003
   6.31250000000000       4.091936039346197E-004 -6.104208978296631E-003
   6.34375000000000       2.935340056509882E-004 -6.247286959850504E-003
   6.37500000000000       2.047024664559860E-004 -6.403402357064800E-003
   6.40625000000000       1.429917484125250E-004 -6.571676800357786E-003
   6.43750000000000       1.106461444106473E-004 -6.751774065662290E-003
   6.46875000000000       1.133850519136493E-004 -6.944196124754774E-003
   6.50000000000000       1.697398368752049E-004 -7.152514879183527E-003
   6.53125000000000       3.218050900168027E-004 -7.282033110018156E-003
   6.56250000000000       4.196101589869928E-004 -7.355870232210475E-003
   6.59375000000000       5.023148852449175E-004 -7.427397317053250E-003
   6.62500000000000       5.810608166626537E-004 -7.499952824080794E-003
   6.65625000000000       6.612743605499561E-004 -7.575339066209814E-003
   6.68750000000000       7.469415548569634E-004 -7.655059004755480E-003
   6.71875000000000       8.419979447254009E-004 -7.740787028637076E-003
   6.75000000000000       9.513915044339124E-004 -7.834828963183662E-003
   6.78125000000000       1.082858653428583E-003 -7.941012349638829E-003
   6.81250000000000       1.252208499729115E-003 -8.067464879776292E-003
   6.84375000000000       1.527819267440021E-003 -8.250460548387583E-003
   6.87500000000000       1.960762272715352E-003 -8.164890507161876E-003
   6.90625000000000       2.253326061592120E-003 -7.994452333574424E-003
   6.93750000000000       2.484565286398857E-003 -7.791883987009470E-003
   6.96875000000000       2.669405074154842E-003 -7.566199313525647E-003
   7.00000000000000       2.813557453567220E-003 -7.321302717608112E-003
   7.03125000000000       2.918801219233871E-003 -7.058985127709385E-003
   7.06250000000000       2.984228137613587E-003 -6.779696066787291E-003
   7.09375000000000       3.006110169706817E-003 -6.482597888993606E-003
   7.12500000000000       2.976366983748891E-003 -6.164979306053671E-003
   7.15625000000000       2.877257510484840E-003 -5.820038752643711E-003
   7.18750000000000       2.652382673996267E-003 -5.424437485009526E-003
   7.21875000000000       2.115782306289241E-003 -5.257210038912007E-003
   7.25000000000000       1.765167641368135E-003 -5.323421287839976E-003
   7.28125000000000       1.501672941183130E-003 -5.428520801135739E-003
   7.31250000000000       1.292674631030180E-003 -5.557813816685932E-003
   7.34375000000000       1.125046430371042E-003 -5.705272591631484E-003
   7.37500000000000       9.921599445307499E-004 -5.867767600674022E-003
   7.40625000000000       8.905696188849198E-004 -6.043588392896081E-003
   7.43750000000000       8.188881214506154E-004 -6.231937623019558E-003
   7.46875000000000       7.775496475698005E-004 -6.432819559425628E-003
   7.50000000000000       7.693723135722245E-004 -6.647281418910333E-003
   7.53125000000000       8.021307982506564E-004 -6.878537170879285E-003
   7.56250000000000       9.067042518971207E-004 -7.139913295582711E-003
   7.59375000000000       1.132963481319641E-003 -7.275604014829497E-003
   7.62500000000000       1.290911982708592E-003 -7.351562709977905E-003
   7.65625000000000       1.430248308214864E-003 -7.416332336550225E-003
   7.68750000000000       1.562043623494632E-003 -7.474929014782045E-003
   7.71875000000000       1.691608115584947E-003 -7.529658373113381E-003
   7.75000000000000       1.822449755536222E-003 -7.581897495562414E-003
   7.78125000000000       1.957495133211215E-003 -7.632621975615647E-003
   7.81250000000000       2.099734081457031E-003 -7.682640319600149E-003
   7.84375000000000       2.252825694493636E-003 -7.732749133285899E-003
   7.87500000000000       2.422082218016562E-003 -7.783910977032337E-003
   7.90625000000000       2.616904466179014E-003 -7.837625912896166E-003
   7.93750000000000       2.860821036169733E-003 -7.897396181024183E-003
   7.96875000000000       3.250501106804059E-003 -7.862602934456708E-003
   8.00000000000000       3.525314305611961E-003 -7.667347965631306E-003
   8.03125000000000       3.730570357775640E-003 -7.462135717442261E-003
   8.06250000000000       3.893404506115864E-003 -7.250901186568699E-003
   8.09375000000000       4.023424802417472E-003 -7.035004365467316E-003
   8.12500000000000       4.125195132583448E-003 -6.815060221236196E-003
   8.15625000000000       4.200897322141252E-003 -6.591326508672678E-003
   8.18750000000000       4.251180144754813E-003 -6.363824264048913E-003
   8.21875000000000       4.275367361028177E-003 -6.132361689622489E-003
   8.25000000000000       4.271238277835532E-003 -5.896489892975914E-003
   8.28125000000000       4.234183341446365E-003 -5.655353875304642E-003
   8.31250000000000       4.154675645924378E-003 -5.407257127893177E-003
   8.34375000000000       4.007703968666066E-003 -5.147861558219315E-003
   8.37500000000000       3.675784057712763E-003 -4.976045961404829E-003
   8.40625000000000       3.449348651109374E-003 -5.003428802030249E-003
   8.43750000000000       3.293350133331488E-003 -5.043402516701959E-003
   8.46875000000000       3.174711715211274E-003 -5.090193545095227E-003
   8.50000000000000       3.081841752330066E-003 -5.141707863498548E-003
   8.53125000000000       3.008862555279745E-003 -5.196843324463527E-003
   8.56250000000000       2.952326177097746E-003 -5.254922685586530E-003
   8.59375000000000       2.910072630281748E-003 -5.315493491221283E-003
   8.62500000000000       2.880740180774357E-003 -5.378239899668915E-003
   8.65625000000000       2.863544869800593E-003 -5.442939935992044E-003
   8.68750000000000       2.858215642632344E-003 -5.509446809993757E-003
   8.71875000000000       2.865094225122534E-003 -5.577690854020657E-003
   8.75000000000000       2.885630629016327E-003 -5.647722442945960E-003
   8.78125000000000       2.925228367326137E-003 -5.719984698076967E-003
   8.81250000000000       2.992821834451941E-003 -5.765076130912398E-003
   8.84375000000000       3.044420171304840E-003 -5.795439661989013E-003
   8.87500000000000       3.093997341014570E-003 -5.825607085582303E-003
   8.90625000000000       3.144950749373652E-003 -5.855925451561512E-003
   8.93750000000000       3.198837392923096E-003 -5.886547268858894E-003
   8.96875000000000       3.256700815163037E-003 -5.917568444444552E-003
   9.00000000000000       3.319437456514082E-003 -5.949067084190683E-003
   9.03125000000000       3.387969582999566E-003 -5.981121758954696E-003
   9.06250000000000       3.463377707930151E-003 -6.013825181401186E-003
   9.09375000000000       3.547058660355578E-003 -6.047300189297908E-003
   9.12500000000000       3.640983593783256E-003 -6.081725666096361E-003
   9.15625000000000       3.748223653212771E-003 -6.117389555910082E-003
   9.18750000000000       3.874303634020192E-003 -6.154826554609112E-003
   9.21875000000000       4.032407381445025E-003 -6.195353540163664E-003
   9.25000000000000       4.287532911106330E-003 -6.193292885840898E-003
   9.28125000000000       4.481473190377047E-003 -6.068675771492918E-003
   9.31250000000000       4.627325023756118E-003 -5.939061539455688E-003
   9.34375000000000       4.746941719617632E-003 -5.806780990812412E-003
   9.37500000000000       4.847545574505308E-003 -5.672612192137744E-003
   9.40625000000000       4.932699736396922E-003 -5.536944961136741E-003
   9.43750000000000       5.004409895885117E-003 -5.400004788072042E-003
   9.46875000000000       5.063827803340153E-003 -5.261928324370204E-003
   9.50000000000000       5.111536244962279E-003 -5.122794591216308E-003
   9.53125000000000       5.147656815479523E-003 -4.982637776244748E-003
   9.56250000000000       5.171847403496431E-003 -4.841449153517094E-003
   9.59375000000000       5.183181874821440E-003 -4.699168267076593E-003
   9.62500000000000       5.179815112532692E-003 -4.555655553235359E-003
   9.65625000000000       5.158063615180132E-003 -4.410615296772591E-003
   9.68750000000000       5.108991079017905E-003 -4.263307166485563E-003
   9.71875000000000       4.982994923075284E-003 -4.136664397028979E-003
   9.75000000000000       4.890133631969509E-003 -4.117009090241034E-003
   9.78125000000000       4.835606061499712E-003 -4.100703461793596E-003
   9.81250000000000       4.799103079487752E-003 -4.085987716862533E-003
   9.84375000000000       4.774570552789775E-003 -4.072329469703299E-003
   9.87500000000000       4.759105276095806E-003 -4.059470501185910E-003
   9.90625000000000       4.751077742802307E-003 -4.047264294537904E-003
   9.93750000000000       4.749520793918469E-003 -4.035622819357326E-003
   9.96875000000000       4.753877015752191E-003 -4.024494471119437E-003
   10.0000000000000       4.763886722627448E-003 -4.013854323846725E-003
   10.0312500000000       4.779548759505597E-003 -4.003700863740295E-003
   10.0625000000000       4.801136798215179E-003 -3.994057807782322E-003
   10.0937500000000       4.829286169657411E-003 -3.984982596552070E-003
   10.1250000000000       4.865222520505687E-003 -3.976588588266100E-003
   10.1562500000000       4.911401264218989E-003 -3.969107401551568E-003
   10.1875000000000       4.974071230872040E-003 -3.963141027629793E-003
   10.2187500000000       5.082924723898236E-003 -3.934501709771614E-003
   10.2500000000000       5.162041497260906E-003 -3.851769041744116E-003
   10.2812500000000       5.220566828451763E-003 -3.766939043217809E-003
   10.3125000000000       5.268043760770781E-003 -3.680986144111620E-003
   10.3437500000000       5.307711967000380E-003 -3.594246976707361E-003
   10.3750000000000       5.341200618981900E-003 -3.506894391911085E-003
   10.4062500000000       5.369463674648921E-003 -3.419032300823818E-003
   10.4375000000000       5.393101615652467E-003 -3.330728432206353E-003
   10.4687500000000       5.412500734385144E-003 -3.242028589197567E-003
   10.5000000000000       5.427900433172077E-003 -3.152963597757161E-003
   10.5312500000000       5.439425393783691E-003 -3.063552694137172E-003
   10.5625000000000       5.447095706122503E-003 -2.973804693110778E-003
   10.5937500000000       5.450816578007160E-003 -2.883717128360848E-003
   10.6250000000000       5.450337563274309E-003 -2.793272396434135E-003
   10.6562500000000       5.445142890090036E-003 -2.702427141411545E-003
   10.6875000000000       5.434114447293585E-003 -2.611079268386502E-003
   10.7187500000000       5.413746337689995E-003 -2.518891622939065E-003
   10.7500000000000       5.378346469447995E-003 -2.444144107007489E-003
   10.7812500000000       5.355415540007022E-003 -2.378982750652375E-003
   10.8125000000000       5.336100804689966E-003 -2.314231165434353E-003
   10.8437500000000       5.318273181357448E-003 -2.249681692404611E-003
   10.8750000000000       5.301029412456811E-003 -2.185250342939239E-003
   10.9062500000000       5.283857013206783E-003 -2.120893131897680E-003
   10.9375000000000       5.266416256271614E-003 -2.056584327854704E-003
   10.9687500000000       5.248455569688211E-003 -1.992308166909305E-003
   11.0000000000000       5.229770546807221E-003 -1.928055048314383E-003
   11.0312500000000       5.210180243632817E-003 -1.863819618418402E-003
   11.0625000000000       5.189510516753069E-003 -1.799599809072512E-003
   11.0937500000000       5.167579116623827E-003 -1.735396478556949E-003
   11.1250000000000       5.144178079855921E-003 -1.671213580576271E-003
   11.1562500000000       5.119046762379162E-003 -1.607059046687813E-003
   11.1875000000000       5.091819814204112E-003 -1.542947087578690E-003
   11.2187500000000       5.061899385641144E-003 -1.478904440471964E-003
   11.2500000000000       5.027995240758542E-003 -1.414993454126491E-003
   11.2812500000000       4.983897377236469E-003 -1.355164031459757E-003
   11.3125000000000       4.945608225837759E-003 -1.308701704330356E-003
   11.3437500000000       4.911772515693257E-003 -1.261904866531363E-003
   11.3750000000000       4.879595539668811E-003 -1.214925057594221E-003
   11.4062500000000       4.848176256982603E-003 -1.167814349173118E-003
   11.4375000000000       4.817028984894547E-003 -1.120601782028543E-003
   11.4687500000000       4.785829902353121E-003 -1.073306830875320E-003
   11.5000000000000       4.754331714188032E-003 -1.025943956937857E-003
   11.5312500000000       4.722325057780634E-003 -9.785245900511873E-004
   11.5625000000000       4.689616763928556E-003 -9.310581088559340E-004
   11.5937500000000       4.656014584675395E-003 -8.835523410868048E-004
   11.6250000000000       4.621313456528161E-003 -8.360137766852058E-004
   11.6562500000000       4.585279725650828E-003 -7.884475507737472E-004
   11.6875000000000       4.547628927137828E-003 -7.408571552506935E-004
   11.7187500000000       4.507988769688954E-003 -6.932436898041848E-004
   11.7500000000000       4.465827626777078E-003 -6.456041184225375E-004
   11.7812500000000       4.420288813286063E-003 -5.979267873695120E-004
   11.8125000000000       4.369680099213387E-003 -5.501765774158568E-004
   11.8437500000000       4.308202583787715E-003 -5.021926453016787E-004
   11.8750000000000       4.236770277836069E-003 -4.818701064281542E-004
   11.9062500000000       4.182908930501293E-003 -4.670919236270700E-004
   11.9375000000000       4.134953154927345E-003 -4.525266155508325E-004
   11.9687500000000       4.090650937831132E-003 -4.380969872138851E-004
   12.0000000000000       4.048968690144195E-003 -4.237678654834690E-004
   13.0000000000000       3.737509560133103E-003  0.000000000000000E+000
   14.0000000000000       3.470544591552167E-003  0.000000000000000E+000
   15.0000000000000       3.239174952115356E-003  0.000000000000000E+000
   16.0000000000000       3.036726517608146E-003  0.000000000000000E+000
   17.0000000000000       2.858095545984138E-003  0.000000000000000E+000
   18.0000000000000       2.699312460096130E-003  0.000000000000000E+000
   19.0000000000000       2.557243383248965E-003  0.000000000000000E+000
   20.0000000000000       2.429381214086517E-003  0.000000000000000E+000
   21.0000000000000       2.313696394368112E-003  0.000000000000000E+000
   22.0000000000000       2.208528376442288E-003  0.000000000000000E+000
   23.0000000000000       2.112505403553493E-003  0.000000000000000E+000
   24.0000000000000       2.024484345072098E-003  0.000000000000000E+000
   25.0000000000000       1.943504971269214E-003  0.000000000000000E+000
   26.0000000000000       1.868754780066552E-003  0.000000000000000E+000
   27.0000000000000       1.799541640064087E-003  0.000000000000000E+000
   28.0000000000000       1.735272295776084E-003  0.000000000000000E+000
   29.0000000000000       1.675435320059667E-003  0.000000000000000E+000
   30.0000000000000       1.619587476057678E-003  0.000000000000000E+000
   31.0000000000000       1.567342718765495E-003  0.000000000000000E+000
   32.0000000000000       1.518363258804073E-003  0.000000000000000E+000
   33.0000000000000       1.472352250961526E-003  0.000000000000000E+000
   34.0000000000000       1.429047772992069E-003  0.000000000000000E+000
   35.0000000000000       1.388217836620867E-003  0.000000000000000E+000
   36.0000000000000       1.349656230048065E-003  0.000000000000000E+000
   37.0000000000000       1.313179034641361E-003  0.000000000000000E+000
   38.0000000000000       1.278621691624483E-003  0.000000000000000E+000
   39.0000000000000       1.245836520044368E-003  0.000000000000000E+000
   40.0000000000000       1.214690607043259E-003  0.000000000000000E+000
   41.0000000000000       1.185064006871472E-003  0.000000000000000E+000
   42.0000000000000       1.156848197184056E-003  0.000000000000000E+000
   43.0000000000000       1.129944750737915E-003  0.000000000000000E+000
   44.0000000000000       1.104264188221144E-003  0.000000000000000E+000
   45.0000000000000       1.079724984038452E-003  0.000000000000000E+000
   46.0000000000000       1.056252701776747E-003  0.000000000000000E+000
   47.0000000000000       1.033779240036816E-003  0.000000000000000E+000
   48.0000000000000       1.012242172536049E-003  0.000000000000000E+000
   49.0000000000000       9.915841690149049E-004  0.000000000000000E+000
   50.0000000000000       9.717524856346068E-004  0.000000000000000E+000
   51.0000000000000       9.526985153280459E-004  0.000000000000000E+000
   52.0000000000000       9.343773900332759E-004  0.000000000000000E+000
   53.0000000000000       9.167476279571763E-004  0.000000000000000E+000
   54.0000000000000       8.997708200320434E-004  0.000000000000000E+000
   55.0000000000000       8.834113505769153E-004  0.000000000000000E+000
   56.0000000000000       8.676361478880418E-004  0.000000000000000E+000
   57.0000000000000       8.524144610829884E-004  0.000000000000000E+000
   58.0000000000000       8.377176600298335E-004  0.000000000000000E+000
   59.0000000000000       8.235190556225482E-004  0.000000000000000E+000
   60.0000000000000       8.097937380288391E-004  0.000000000000000E+000
   61.0000000000000       7.965184308480384E-004  0.000000000000000E+000
   62.0000000000000       7.836713593827475E-004  0.000000000000000E+000
   63.0000000000000       7.712321314560372E-004  0.000000000000000E+000
   64.0000000000000       7.591816294020366E-004  0.000000000000000E+000
   65.0000000000000       7.475019120266207E-004  0.000000000000000E+000
   66.0000000000000       7.361761254807628E-004  0.000000000000000E+000
   67.0000000000000       7.251884221153782E-004  0.000000000000000E+000
   68.0000000000000       7.145238864960345E-004  0.000000000000000E+000
   69.0000000000000       7.041684678511644E-004  0.000000000000000E+000
   70.0000000000000       6.941089183104335E-004  0.000000000000000E+000
   71.0000000000000       6.843327363623992E-004  0.000000000000000E+000
   72.0000000000000       6.748281150240325E-004  0.000000000000000E+000
   73.0000000000000       6.655838942702787E-004  0.000000000000000E+000
   74.0000000000000       6.565895173206803E-004  0.000000000000000E+000
   75.0000000000000       6.478349904230713E-004  0.000000000000000E+000
   76.0000000000000       6.393108458122413E-004  0.000000000000000E+000
   77.0000000000000       6.310081075549395E-004  0.000000000000000E+000
   78.0000000000000       6.229182600221839E-004  0.000000000000000E+000
   79.0000000000000       6.150332187560803E-004  0.000000000000000E+000
   80.0000000000000       6.073453035216293E-004  0.000000000000000E+000
   81.0000000000000       5.998472133546956E-004  0.000000000000000E+000
   82.0000000000000       5.925320034357359E-004  0.000000000000000E+000
   83.0000000000000       5.853930636353054E-004  0.000000000000000E+000
   84.0000000000000       5.784240985920279E-004  0.000000000000000E+000
   85.0000000000000       5.716191091968276E-004  0.000000000000000E+000
   86.0000000000000       5.649723753689574E-004  0.000000000000000E+000
   87.0000000000000       5.584784400198890E-004  0.000000000000000E+000
   88.0000000000000       5.521320941105721E-004  0.000000000000000E+000
   89.0000000000000       5.459283627160713E-004  0.000000000000000E+000
   90.0000000000000       5.398624920192260E-004  0.000000000000000E+000
   91.0000000000000       5.339299371618719E-004  0.000000000000000E+000
   92.0000000000000       5.281263508883733E-004  0.000000000000000E+000
   93.0000000000000       5.224475729218316E-004  0.000000000000000E+000
   94.0000000000000       5.168896200184079E-004  0.000000000000000E+000
   95.0000000000000       5.114486766497931E-004  0.000000000000000E+000
   96.0000000000000       5.061210862680244E-004  0.000000000000000E+000
   97.0000000000000       5.009033431106221E-004  0.000000000000000E+000
   98.0000000000000       4.957920845074525E-004  0.000000000000000E+000
   99.0000000000000       4.907840836538419E-004  0.000000000000000E+000
   100.000000000000       4.858762428173034E-004  0.000000000000000E+000
   101.000000000000       4.810655869478252E-004  0.000000000000000E+000
   102.000000000000       4.763492576640230E-004  0.000000000000000E+000
   103.000000000000       4.717245075896150E-004  0.000000000000000E+000
   104.000000000000       4.671886950166379E-004  0.000000000000000E+000
   105.000000000000       4.627392788736223E-004  0.000000000000000E+000
   106.000000000000       4.583738139785881E-004  0.000000000000000E+000
   107.000000000000       4.540899465582275E-004  0.000000000000000E+000
   108.000000000000       4.498854100160217E-004  0.000000000000000E+000
   109.000000000000       4.457580209333059E-004  0.000000000000000E+000
   110.000000000000       4.417056752884577E-004  0.000000000000000E+000
   111.000000000000       4.377263448804536E-004  0.000000000000000E+000
   112.000000000000       4.338180739440209E-004  0.000000000000000E+000
   113.000000000000       4.299789759445163E-004  0.000000000000000E+000
   114.000000000000       4.262072305414942E-004  0.000000000000000E+000
   115.000000000000       4.225010807106986E-004  0.000000000000000E+000
   116.000000000000       4.188588300149167E-004  0.000000000000000E+000
   117.000000000000       4.152788400147893E-004  0.000000000000000E+000
   118.000000000000       4.117595278112741E-004  0.000000000000000E+000
   119.000000000000       4.082993637120197E-004  0.000000000000000E+000
   120.000000000000       4.048968690144195E-004  0.000000000000000E+000
   121.000000000000       4.015506138985979E-004  0.000000000000000E+000
   122.000000000000       3.982592154240192E-004  0.000000000000000E+000
   123.000000000000       3.950213356238239E-004  0.000000000000000E+000
   124.000000000000       3.918356796913738E-004  0.000000000000000E+000
   125.000000000000       3.887009942538427E-004  0.000000000000000E+000
   126.000000000000       3.856160657280186E-004  0.000000000000000E+000
   127.000000000000       3.825797187537822E-004  0.000000000000000E+000
   128.000000000000       3.795908147010183E-004  0.000000000000000E+000
   129.000000000000       3.766482502459717E-004  0.000000000000000E+000
   130.000000000000       3.737509560133103E-004  0.000000000000000E+000
   131.000000000000       3.708978952803843E-004  0.000000000000000E+000
   132.000000000000       3.680880627403814E-004  0.000000000000000E+000
   133.000000000000       3.653204833212808E-004  0.000000000000000E+000
   134.000000000000       3.625942110576891E-004  0.000000000000000E+000
   135.000000000000       3.599083280128174E-004  0.000000000000000E+000
   136.000000000000       3.572619432480172E-004  0.000000000000000E+000
   137.000000000000       3.546541918374478E-004  0.000000000000000E+000
   138.000000000000       3.520842339255822E-004  0.000000000000000E+000
   139.000000000000       3.495512538253982E-004  0.000000000000000E+000
   140.000000000000       3.470544591552167E-004  0.000000000000000E+000
   141.000000000000       3.445930800122720E-004  0.000000000000000E+000
   142.000000000000       3.421663681811996E-004  0.000000000000000E+000
   143.000000000000       3.397735963757367E-004  0.000000000000000E+000
   144.000000000000       3.374140575120163E-004  0.000000000000000E+000
   145.000000000000       3.350870640119334E-004  0.000000000000000E+000
   146.000000000000       3.327919471351393E-004  0.000000000000000E+000
   147.000000000000       3.305280563383017E-004  0.000000000000000E+000
   148.000000000000       3.282947586603401E-004  0.000000000000000E+000
   149.000000000000       3.260914381324184E-004  0.000000000000000E+000
   150.000000000000       3.239174952115356E-004  0.000000000000000E+000
   151.000000000000       3.217723462366248E-004  0.000000000000000E+000
   152.000000000000       3.196554229061207E-004  0.000000000000000E+000
   153.000000000000       3.175661717760153E-004  0.000000000000000E+000
   154.000000000000       3.155040537774698E-004  0.000000000000000E+000
   155.000000000000       3.134685437530990E-004  0.000000000000000E+000
   156.000000000000       3.114591300110919E-004  0.000000000000000E+000
   157.000000000000       3.094753138963716E-004  0.000000000000000E+000
   158.000000000000       3.075166093780401E-004  0.000000000000000E+000
   159.000000000000       3.055825426523921E-004  0.000000000000000E+000
   160.000000000000       3.036726517608146E-004  0.000000000000000E+000
   161.000000000000       3.017864862219276E-004  0.000000000000000E+000
   162.000000000000       2.999236066773478E-004  0.000000000000000E+000
   163.000000000000       2.980835845504929E-004  0.000000000000000E+000
   164.000000000000       2.962660017178679E-004  0.000000000000000E+000
   165.000000000000       2.944704501923051E-004  0.000000000000000E+000
   166.000000000000       2.926965318176527E-004  0.000000000000000E+000
   167.000000000000       2.909438579744332E-004  0.000000000000000E+000
   168.000000000000       2.892120492960139E-004  0.000000000000000E+000
   169.000000000000       2.875007353948541E-004  0.000000000000000E+000
   170.000000000000       2.858095545984138E-004  0.000000000000000E+000
   171.000000000000       2.841381536943295E-004  0.000000000000000E+000
   172.000000000000       2.824861876844787E-004  0.000000000000000E+000
   173.000000000000       2.808533195475742E-004  0.000000000000000E+000
   174.000000000000       2.792392200099445E-004  0.000000000000000E+000
   175.000000000000       2.776435673241734E-004  0.000000000000000E+000
   176.000000000000       2.760660470552860E-004  0.000000000000000E+000
   177.000000000000       2.745063518741827E-004  0.000000000000000E+000
   178.000000000000       2.729641813580356E-004  0.000000000000000E+000
   179.000000000000       2.714392417973762E-004  0.000000000000000E+000
   180.000000000000       2.699312460096130E-004  0.000000000000000E+000
   181.000000000000       2.684399131587312E-004  0.000000000000000E+000
   182.000000000000       2.669649685809360E-004  0.000000000000000E+000
   183.000000000000       2.655061436160128E-004  0.000000000000000E+000
   184.000000000000       2.640631754441867E-004  0.000000000000000E+000
   185.000000000000       2.626358069282721E-004  0.000000000000000E+000
   186.000000000000       2.612237864609158E-004  0.000000000000000E+000
   187.000000000000       2.598268678167398E-004  0.000000000000000E+000
   188.000000000000       2.584448100092040E-004  0.000000000000000E+000
   189.000000000000       2.570773771520124E-004  0.000000000000000E+000
   190.000000000000       2.557243383248966E-004  0.000000000000000E+000
   191.000000000000       2.543854674436143E-004  0.000000000000000E+000
   192.000000000000       2.530605431340122E-004  0.000000000000000E+000
   193.000000000000       2.517493486100018E-004  0.000000000000000E+000
   194.000000000000       2.504516715553110E-004  0.000000000000000E+000
   195.000000000000       2.491673040088735E-004  0.000000000000000E+000
   196.000000000000       2.478960422537262E-004  0.000000000000000E+000
   197.000000000000       2.466376867092911E-004  0.000000000000000E+000
   198.000000000000       2.453920418269209E-004  0.000000000000000E+000
   199.000000000000       2.441589159885947E-004  0.000000000000000E+000
   200.000000000000       2.429381214086517E-004  0.000000000000000E+000
   201.000000000000       2.417294740384594E-004  0.000000000000000E+000
   202.000000000000       2.405327934739126E-004  0.000000000000000E+000
   203.000000000000       2.393479028656667E-004  0.000000000000000E+000
   204.000000000000       2.381746288320115E-004  0.000000000000000E+000
   205.000000000000       2.370128013742944E-004  0.000000000000000E+000
   206.000000000000       2.358622537948075E-004  0.000000000000000E+000
   207.000000000000       2.347228226170548E-004  0.000000000000000E+000
   208.000000000000       2.335943475083190E-004  0.000000000000000E+000
   209.000000000000       2.324766712044514E-004  0.000000000000000E+000
   210.000000000000       2.313696394368112E-004  0.000000000000000E+000
   211.000000000000       2.302731008612812E-004  0.000000000000000E+000
   212.000000000000       2.291869069892941E-004  0.000000000000000E+000
   213.000000000000       2.281109121207997E-004  0.000000000000000E+000
   214.000000000000       2.270449732791137E-004  0.000000000000000E+000
   215.000000000000       2.259889501475830E-004  0.000000000000000E+000
   216.000000000000       2.249427050080108E-004  0.000000000000000E+000
   217.000000000000       2.239061026807850E-004  0.000000000000000E+000
   218.000000000000       2.228790104666530E-004  0.000000000000000E+000
   219.000000000000       2.218612980900929E-004  0.000000000000000E+000
   220.000000000000       2.208528376442288E-004  0.000000000000000E+000
   221.000000000000       2.198535035372414E-004  0.000000000000000E+000
   222.000000000000       2.188631724402268E-004  0.000000000000000E+000
   223.000000000000       2.178817232364589E-004  0.000000000000000E+000
   224.000000000000       2.169090369720105E-004  0.000000000000000E+000
   225.000000000000       2.159449968076904E-004  0.000000000000000E+000
   226.000000000000       2.149894879722582E-004  0.000000000000000E+000
   227.000000000000       2.140423977168738E-004  0.000000000000000E+000
   228.000000000000       2.131036152707471E-004  0.000000000000000E+000
   229.000000000000       2.121730317979491E-004  0.000000000000000E+000
   230.000000000000       2.112505403553493E-004  0.000000000000000E+000
   231.000000000000       2.103360358516465E-004  0.000000000000000E+000
   232.000000000000       2.094294150074584E-004  0.000000000000000E+000
   233.000000000000       2.085305763164392E-004  0.000000000000000E+000
   234.000000000000       2.076394200073946E-004  0.000000000000000E+000
   235.000000000000       2.067558480073632E-004  0.000000000000000E+000
   236.000000000000       2.058797639056371E-004  0.000000000000000E+000
   237.000000000000       2.050110729186934E-004  0.000000000000000E+000
   238.000000000000       2.041496818560098E-004  0.000000000000000E+000
   239.000000000000       2.032954990867379E-004  0.000000000000000E+000
   240.000000000000       2.024484345072098E-004  0.000000000000000E+000
   241.000000000000       2.016083995092545E-004  0.000000000000000E+000
   242.000000000000       2.007753069492989E-004  0.000000000000000E+000
   243.000000000000       1.999490711182319E-004  0.000000000000000E+000
   244.000000000000       1.991296077120096E-004  0.000000000000000E+000
   245.000000000000       1.983168338029810E-004  0.000000000000000E+000
   246.000000000000       1.975106678119120E-004  0.000000000000000E+000
   247.000000000000       1.967110294806896E-004  0.000000000000000E+000
   248.000000000000       1.959178398456869E-004  0.000000000000000E+000
   249.000000000000       1.951310212117685E-004  0.000000000000000E+000
   250.000000000000       1.943504971269214E-004  0.000000000000000E+000
   251.000000000000       1.935761923574914E-004  0.000000000000000E+000
   252.000000000000       1.928080328640093E-004  0.000000000000000E+000
   253.000000000000       1.920459457775903E-004  0.000000000000000E+000
   254.000000000000       1.912898593768911E-004  0.000000000000000E+000
   255.000000000000       1.905397030656092E-004  0.000000000000000E+000
   256.000000000000       1.897954073505092E-004  0.000000000000000E+000
   257.000000000000       1.890569038199624E-004  0.000000000000000E+000
   258.000000000000       1.883241251229858E-004  0.000000000000000E+000
   259.000000000000       1.875970049487658E-004  0.000000000000000E+000
   260.000000000000       1.868754780066552E-004  0.000000000000000E+000
   261.000000000000       1.861594800066297E-004  0.000000000000000E+000
   262.000000000000       1.854489476401922E-004  0.000000000000000E+000
   263.000000000000       1.847438185617123E-004  0.000000000000000E+000
   264.000000000000       1.840440313701907E-004  0.000000000000000E+000
   265.000000000000       1.833495255914353E-004  0.000000000000000E+000
   266.000000000000       1.826602416606404E-004  0.000000000000000E+000
   267.000000000000       1.819761209053571E-004  0.000000000000000E+000
   268.000000000000       1.812971055288446E-004  0.000000000000000E+000
   269.000000000000       1.806231385937931E-004  0.000000000000000E+000
   270.000000000000       1.799541640064087E-004  0.000000000000000E+000
   271.000000000000       1.792901265008500E-004  0.000000000000000E+000
   272.000000000000       1.786309716240086E-004  0.000000000000000E+000
   273.000000000000       1.779766457206240E-004  0.000000000000000E+000
   274.000000000000       1.773270959187239E-004  0.000000000000000E+000
   275.000000000000       1.766822701153831E-004  0.000000000000000E+000
   276.000000000000       1.760421169627911E-004  0.000000000000000E+000
   277.000000000000       1.754065858546222E-004  0.000000000000000E+000
   278.000000000000       1.747756269126991E-004  0.000000000000000E+000
   279.000000000000       1.741491909739439E-004  0.000000000000000E+000
   280.000000000000       1.735272295776084E-004  0.000000000000000E+000
   281.000000000000       1.729096949527770E-004  0.000000000000000E+000
   282.000000000000       1.722965400061360E-004  0.000000000000000E+000
   283.000000000000       1.716877183100012E-004  0.000000000000000E+000
   284.000000000000       1.710831840905998E-004  0.000000000000000E+000
   285.000000000000       1.704828922165977E-004  0.000000000000000E+000
   286.000000000000       1.698867981878683E-004  0.000000000000000E+000
   287.000000000000       1.692948581244960E-004  0.000000000000000E+000
   288.000000000000       1.687070287560081E-004  0.000000000000000E+000
   289.000000000000       1.681232674108316E-004  0.000000000000000E+000
   290.000000000000       1.675435320059667E-004  0.000000000000000E+000
   291.000000000000       1.669677810368740E-004  0.000000000000000E+000
   292.000000000000       1.663959735675697E-004  0.000000000000000E+000
   293.000000000000       1.658280692209227E-004  0.000000000000000E+000
   294.000000000000       1.652640281691508E-004  0.000000000000000E+000
   295.000000000000       1.647038111245096E-004  0.000000000000000E+000
   296.000000000000       1.641473793301701E-004  0.000000000000000E+000
   297.000000000000       1.635946945512806E-004  0.000000000000000E+000
   298.000000000000       1.630457190662092E-004  0.000000000000000E+000
   299.000000000000       1.625004156579610E-004  0.000000000000000E+000
   300.000000000000       1.619587476057678E-004  0.000000000000000E+000
   301.000000000000       1.614206786768450E-004  0.000000000000000E+000
   302.000000000000       1.608861731183124E-004  0.000000000000000E+000
   303.000000000000       1.603551956492751E-004  0.000000000000000E+000
   304.000000000000       1.598277114530603E-004  0.000000000000000E+000
   305.000000000000       1.593036861696077E-004  0.000000000000000E+000
   306.000000000000       1.587830858880077E-004  0.000000000000000E+000
   307.000000000000       1.582658771391868E-004  0.000000000000000E+000
   308.000000000000       1.577520268887349E-004  0.000000000000000E+000
   309.000000000000       1.572415025298717E-004  0.000000000000000E+000
   310.000000000000       1.567342718765495E-004  0.000000000000000E+000
   311.000000000000       1.562303031566892E-004  0.000000000000000E+000
   312.000000000000       1.557295650055460E-004  0.000000000000000E+000
