  0.000000000000000E+000 -1.430131435767354E-002 -2.518784502839361E-007
  7.812500000000000E-003 -1.392276902581892E-002 -5.359697538240605E-004
  1.562500000000000E-002 -1.225600966281128E-002  2.295047903741073E-004
  2.343750000000000E-002 -1.197568604370487E-002  1.748561804598192E-003
  3.125000000000000E-002 -1.156437482551548E-002  3.488281796072989E-003
  3.906250000000000E-002 -1.295841693695823E-002  5.504145225634006E-003
  4.687500000000000E-002 -1.456396672050721E-002  5.986328423751918E-003
  5.468750000000000E-002 -1.518269280146125E-002  5.603216981828246E-003
  6.250000000000000E-002 -1.460647549016519E-002  8.231288417799370E-003
  7.031250000000000E-002 -2.131356438055942E-002  7.928788540775706E-003
  7.812500000000000E-002 -2.102534360923775E-002  3.357902432608476E-003
  8.593750000000000E-002 -1.747858020942350E-002  1.537105518228926E-003
  9.375000000000000E-002 -1.423399923841120E-002  9.217381642399594E-004
  0.101562500000000      -7.800728327047785E-003  2.523080143304037E-003
  0.109375000000000       8.997365407108070E-003  1.464609218043027E-002
  0.117187500000000      -2.069201730229448E-002  4.021788244182165E-002
  0.125000000000000      -4.574203021323978E-002  3.469972385891465E-002
  0.132812500000000      -4.545655408949478E-002  9.002049018423851E-003
  0.140625000000000      -4.041858280374973E-002  2.833723444011605E-003
  0.148437500000000      -3.839228196657032E-002 -3.011134066173717E-004
  0.156250000000000      -3.631829319848662E-002 -5.302638799850752E-003
  0.164062500000000      -3.042426405340978E-002 -6.479291038142633E-003
  0.171875000000000      -2.668021977940830E-002 -5.898043757627433E-003
  0.179687500000000      -2.488583714741889E-002 -2.167335248175631E-003
  0.187500000000000      -2.697312927796745E-002 -8.233068831700048E-004
  0.195312500000000      -2.841869271949155E-002 -2.354162897383689E-003
  0.203125000000000      -2.766579814153400E-002 -3.606189213253866E-003
  0.210937500000000      -2.720554744105863E-002 -4.331326825800943E-003
  0.218750000000000      -2.686201195657623E-002 -5.697544079311164E-003
  0.226562500000000      -2.571257593709345E-002 -7.737023635005138E-003
  0.234375000000000      -2.063965929744271E-002 -1.168930605504488E-002
  0.242187500000000      -1.458299628350206E-002 -5.615861219235180E-003
  0.250000000000000      -1.145477835835901E-002 -2.075566982536023E-003
  0.257812500000000      -3.372859583420831E-003  8.683052829386497E-003
  0.265625000000000      -1.771501726052411E-002  2.199635409703291E-002
  0.273437500000000      -2.969879386940043E-002  2.521250070877145E-002
  0.281250000000000      -5.138272689249973E-002  2.440252342927462E-002
  0.289062500000000      -5.390038755491403E-002  2.151357573182034E-003
  0.296875000000000      -5.042648716380482E-002 -8.008196334820916E-003
  0.304687500000000      -4.720717785386317E-002 -2.054070411130038E-002
  0.312500000000000      -2.646801417998972E-002 -2.451917798221340E-002
  0.320312500000000      -1.106956143890829E-002 -1.298947833994989E-002
  0.328125000000000      -1.215692404579471E-002  1.885299377043121E-002
  0.335937500000000      -4.875753046646789E-002  8.040612531762949E-003
  0.343750000000000      -4.739903275333510E-002 -9.986113141000492E-003
  0.351562500000000      -3.705496097384836E-002 -1.863666321643807E-002
  0.359375000000000      -2.539479002578851E-002 -1.347040404847736E-002
  0.367187500000000      -2.527921706015935E-002 -6.203532357876856E-003
  0.375000000000000      -2.802701161044563E-002 -1.576312956422013E-003
  0.382812500000000      -3.248115212883826E-002  1.612325236964376E-003
  0.390625000000000      -4.004964598417296E-002  7.577656867990860E-004
  0.398437500000000      -4.411700840534837E-002 -3.519150226219210E-003
  0.406250000000000      -4.608507303926737E-002 -8.090773345542476E-003
  0.414062500000000      -4.644840918146986E-002 -1.294661765225212E-002
  0.421875000000000      -4.494060439906224E-002 -1.531591895828577E-002
  0.429687500000000      -4.488231515437753E-002 -1.704357328713299E-002
  0.437500000000000      -4.566211058846292E-002 -1.886465347379638E-002
  0.445312500000000      -4.808001929805800E-002 -2.233113768529037E-002
  0.453125000000000      -4.760559243671685E-002 -2.790427185158671E-002
  0.460937500000000      -4.594616477070437E-002 -3.325927171601740E-002
  0.468750000000000      -4.276216589941211E-002 -3.877026786138432E-002
  0.476562500000000      -3.693740495666117E-002 -4.419833400232065E-002
  0.484375000000000      -2.859754248113507E-002 -4.477674667838590E-002
  0.492187500000000      -2.295809617719569E-002 -4.303973194402638E-002
  0.500000000000000      -1.888008901248682E-002 -4.078216775340172E-002
  0.507812500000000      -1.581235250595327E-002 -3.836593439576758E-002
  0.515625000000000      -1.376771568666767E-002 -3.579730177237037E-002
  0.523437500000000      -1.234161653398443E-002 -3.384347063923080E-002
  0.531250000000000      -1.094665962602421E-002 -3.210419282528522E-002
  0.539062500000000      -9.533908138529966E-003 -3.023379481745998E-002
  0.546875000000000      -8.268867693624764E-003 -2.760276005940985E-002
  0.554687500000000      -8.685025637341331E-003 -2.534045983644397E-002
  0.562500000000000      -8.968249283649268E-003 -2.379460583457674E-002
  0.570312500000000      -9.195625923517727E-003 -2.240794229195153E-002
  0.578125000000000      -9.471633387744850E-003 -2.094053495710142E-002
  0.585937500000000      -1.063207653492909E-002 -1.907725848443623E-002
  0.593750000000000      -1.213959467463749E-002 -1.876615069995051E-002
  0.601562500000000      -1.315668627889068E-002 -1.868498033104459E-002
  0.609375000000000      -1.410480458276744E-002 -1.866024166824694E-002
  0.617187500000000      -1.528987295971510E-002 -1.880198734426570E-002
  0.625000000000000      -1.694589529656553E-002 -2.017701588067655E-002
  0.632812500000000      -1.683099822484353E-002 -2.207589123371936E-002
  0.640625000000000      -1.618654857430141E-002 -2.363751999065996E-002
  0.648437500000000      -1.499168437375181E-002 -2.502947083177152E-002
  0.656250000000000      -1.304761127020569E-002 -2.607812016195330E-002
  0.664062500000000      -9.855578559320677E-003 -2.583594956648941E-002
  0.671875000000000      -9.333565217749223E-003 -2.354940124710652E-002
  0.679687500000000      -9.321794330535565E-003 -2.278657738198677E-002
  0.687500000000000      -9.217086683911926E-003 -2.253354220687693E-002
  0.695312500000000      -8.862272458150924E-003 -2.271227339706247E-002
  0.703125000000000      -7.585316337602080E-003 -2.346654383096506E-002
  0.710937500000000      -4.129463827775660E-003 -2.145699984961501E-002
  0.718750000000000      -4.205786658929241E-003 -1.859970067787339E-002
  0.726562500000000      -4.830166024704430E-003 -1.666713284390509E-002
  0.734375000000000      -5.673780444577115E-003 -1.510658675753939E-002
  0.742187500000000      -6.819233419818271E-003 -1.371110443163827E-002
  0.750000000000000      -8.697675342975025E-003 -1.248084107245160E-002
  0.757812500000000      -1.124772390832252E-002 -1.361596560229794E-002
  0.765625000000000      -1.168255436590498E-002 -1.512386495238273E-002
  0.773437500000000      -1.128852559163881E-002 -1.639714829639232E-002
  0.781250000000000      -1.000172029539007E-002 -1.733829627400140E-002
  0.789062500000000      -7.586693532617483E-003 -1.741217139556530E-002
  0.796875000000000      -4.000953345089299E-003 -1.505030334032974E-002
  0.804687500000000      -5.120988182716744E-003 -7.959252794370731E-003
  0.812500000000000      -9.225308228376902E-003 -5.906309041139736E-003
  0.820312500000000      -1.252996115632398E-002 -5.322671865959031E-003
  0.828125000000000      -1.541718792730101E-002 -5.340537608240560E-003
  0.835937500000000      -1.816367781360815E-002 -5.724435465799855E-003
  0.843750000000000      -2.106264125197712E-002 -6.534254420506718E-003
  0.851562500000000      -2.432356001112779E-002 -8.992477572846496E-003
  0.859375000000000      -2.503423299045893E-002 -1.168385560432859E-002
  0.867187500000000      -2.562055899390759E-002 -1.361059774181849E-002
  0.875000000000000      -2.621440886426451E-002 -1.535007332440475E-002
  0.882812500000000      -2.684903881106631E-002 -1.712247664185450E-002
  0.890625000000000      -2.753398651837585E-002 -1.914185908031208E-002
  0.898437500000000      -2.823885547116811E-002 -2.184221020186957E-002
  0.906250000000000      -2.691993811521788E-002 -2.633732767885980E-002
  0.914062500000000      -2.371552086711363E-002 -2.802281146852173E-002
  0.921875000000000      -2.101874560271562E-002 -2.839246651024424E-002
  0.929687500000000      -1.881907846165277E-002 -2.796677029507036E-002
  0.937500000000000      -1.713084782073442E-002 -2.696487860379390E-002
  0.945312500000000      -1.596820458262469E-002 -2.547808265296663E-002
  0.953125000000000      -1.538536020696705E-002 -2.341442419795250E-002
  0.960937500000000      -1.671211650455594E-002 -2.033520491845249E-002
  0.968750000000000      -1.946839571126924E-002 -1.943377740635388E-002
  0.976562500000000      -2.212349810718314E-002 -1.945282766245297E-002
  0.984375000000000      -2.478113310798866E-002 -2.018835532597260E-002
  0.992187500000000      -2.738902206671752E-002 -2.163347982258879E-002
   1.00000000000000      -2.982926139588498E-002 -2.381276819047579E-002
   1.00781250000000      -3.194290492883366E-002 -2.676089083577943E-002
   1.01562500000000      -3.343794044725625E-002 -3.074332012753634E-002
   1.02343750000000      -3.304632263578434E-002 -3.429462081956089E-002
   1.03125000000000      -3.294957018011134E-002 -3.736824973044808E-002
   1.03906250000000      -3.279427278193575E-002 -4.061188144453166E-002
   1.04687500000000      -3.242433617729917E-002 -4.417020181126645E-002
   1.05468750000000      -3.164989410323294E-002 -4.815161369469066E-002
   1.06250000000000      -3.016427654505152E-002 -5.263336787072419E-002
   1.07031250000000      -2.739117566119864E-002 -5.759482962506836E-002
   1.07812500000000      -2.148176607125883E-002 -6.195830526429848E-002
   1.08593750000000      -1.650397995040713E-002 -6.235171987328367E-002
   1.09375000000000      -1.278322831927268E-002 -6.276099683692818E-002
   1.10156250000000      -9.484036180022529E-003 -6.323778355309612E-002
   1.10937500000000      -6.314425087884396E-003 -6.378821058774957E-002
   1.11718750000000      -3.084944848604824E-003 -6.438666513667321E-002
   1.12500000000000       3.668827461697985E-004 -6.497454589212182E-002
   1.13281250000000       4.219968985708252E-003 -6.544231142226589E-002
   1.14062500000000       8.860637475489826E-003 -6.553875814247476E-002
   1.14843750000000       1.336858870490802E-002 -6.384745811633857E-002
   1.15625000000000       1.716659430500423E-002 -6.193512116881598E-002
   1.16406250000000       2.067188954908322E-002 -5.969244984059888E-002
   1.17187500000000       2.388462215441371E-002 -5.704743911038128E-002
   1.17968750000000       2.671760826476828E-002 -5.394738034901565E-002
   1.18750000000000       2.900792446132812E-002 -5.036842613979391E-002
   1.19531250000000       3.049667093726631E-002 -4.634633304748086E-002
   1.20312500000000       3.074848517773490E-002 -4.204515899616064E-002
   1.21093750000000       2.879821141200610E-002 -3.895628096232321E-002
   1.21875000000000       2.794093646694467E-002 -3.785536938781056E-002
   1.22656250000000       2.769080939187055E-002 -3.683034206436379E-002
   1.23437500000000       2.772081371592385E-002 -3.581036433266205E-002
   1.24218750000000       2.790703651889608E-002 -3.474988577739126E-002
   1.25000000000000       2.816501236954111E-002 -3.361163126344950E-002
   1.25781250000000       2.840871783996355E-002 -3.236714766403123E-002
   1.26562500000000       2.852520231915661E-002 -3.100792863377170E-002
   1.27343750000000       2.833409389004605E-002 -2.957638510381556E-002
   1.28125000000000       2.747879603732406E-002 -2.862479762339789E-002
   1.28906250000000       2.717000109693060E-002 -2.841373000730594E-002
   1.29687500000000       2.724355245777787E-002 -2.821662819120497E-002
   1.30468750000000       2.756269826907265E-002 -2.796974192602973E-002
   1.31250000000000       2.805854278669246E-002 -2.763427362724939E-002
   1.32031250000000       2.867537866654241E-002 -2.718332726202117E-002
   1.32812500000000       2.935512647890346E-002 -2.660255044490806E-002
   1.33593750000000       3.002852215758603E-002 -2.590368948597278E-002
   1.34375000000000       3.063722096854244E-002 -2.517832426271420E-002
   1.35156250000000       3.135225341456823E-002 -2.436051632971958E-002
   1.35937500000000       3.180269412661853E-002 -2.390661030713886E-002
   1.36718750000000       3.281173109218222E-002 -2.347085274309130E-002
   1.37500000000000       3.413006045295462E-002 -2.282528902838294E-002
   1.38281250000000       3.569498360242657E-002 -2.189254999222657E-002
   1.39062500000000       3.746467187895864E-002 -2.059143049112468E-002
   1.39843750000000       3.939497171117429E-002 -1.882249602510460E-002
   1.40625000000000       4.142523871086518E-002 -1.645499068704104E-002
   1.41406250000000       4.346084445128688E-002 -1.330150310741162E-002
   1.42187500000000       4.533867057125705E-002 -9.036536463539340E-003
   1.42968750000000       4.665089129971083E-002 -2.464975262162990E-003
   1.43750000000000       4.263127255650902E-002  3.626916703301029E-003
   1.44531250000000       3.882635145505128E-002  7.122593295739055E-003
   1.45312500000000       3.511571076119267E-002  9.703359672029007E-003
   1.46093750000000       3.140573509906393E-002  1.167435491462796E-002
   1.46875000000000       2.762252606536730E-002  1.314479707342971E-002
   1.47656250000000       2.369612948798547E-002  1.412638865479907E-002
   1.48437500000000       1.956513364033564E-002  1.454540246969894E-002
   1.49218750000000       1.520223793528157E-002  1.422915268480679E-002
   1.50000000000000       1.065899259347764E-002  1.288308967315813E-002
   1.50781250000000       6.081742811363828E-003  9.951665670455107E-003
   1.51562500000000       4.175282462141265E-003  4.132083832538866E-003
   1.52343750000000       4.792761944555062E-003  6.610306165383412E-004
   1.53125000000000       5.597596328077648E-003 -1.821880086278798E-003
   1.53906250000000       6.565065920618559E-003 -3.736110883256781E-003
   1.54687500000000       7.682557702492529E-003 -5.216131280665445E-003
   1.55468750000000       8.937683108737174E-003 -6.308589887736148E-003
   1.56250000000000       1.031316026203196E-002 -7.015834001705260E-003
   1.57031250000000       1.178167509335360E-002 -7.308303863910598E-003
   1.57812500000000       1.329802748698795E-002 -7.122963793499838E-003
   1.58593750000000       1.478240890583094E-002 -6.341053789590167E-003
   1.59375000000000       1.605718215728246E-002 -4.660903024497117E-003
   1.60156250000000       1.522249776036106E-002 -2.097176012655983E-003
   1.60937500000000       1.382359976447203E-002 -1.398475315360633E-003
   1.61718750000000       1.272473195605086E-002 -1.247529576282554E-003
   1.62500000000000       1.186148750270499E-002 -1.381258724049903E-003
   1.63281250000000       1.121454469515863E-002 -1.681671657183834E-003
   1.64062500000000       1.077539357099757E-002 -2.070196673691809E-003
   1.64843750000000       1.053627567986617E-002 -2.481490987991691E-003
   1.65625000000000       1.048421301600093E-002 -2.853640484341594E-003
   1.66406250000000       1.059553753882038E-002 -3.123917280040758E-003
   1.67187500000000       1.082950789487186E-002 -3.226505023051929E-003
   1.67968750000000       1.111866977961223E-002 -3.086275746048552E-003
   1.68750000000000       1.127972479768130E-002 -2.503802742281043E-003
   1.69531250000000       1.082118719619532E-002 -2.126312036322386E-003
   1.70312500000000       1.042368348896425E-002 -1.984747636564884E-003
   1.71093750000000       1.006590015676645E-002 -1.924276653298303E-003
   1.71875000000000       9.734362000887731E-003 -1.905165950548468E-003
   1.72656250000000       9.418333063127220E-003 -1.910573971888138E-003
   1.73437500000000       9.108289123860695E-003 -1.932977008829734E-003
   1.74218750000000       8.794903970291104E-003 -1.970149054378005E-003
   1.75000000000000       8.468057484692506E-003 -2.024077528145882E-003
   1.75781250000000       8.115416586474494E-003 -2.101641861286887E-003
   1.76562500000000       7.719559745196686E-003 -2.217964841351512E-003
   1.77343750000000       7.249499133201456E-003 -2.408773598402376E-003
   1.78125000000000       6.594476647772841E-003 -2.856398490669720E-003
   1.78906250000000       6.491546485997018E-003 -3.662185819478567E-003
   1.79687500000000       6.566530708676396E-003 -4.260099791271560E-003
   1.80468750000000       6.741073745294517E-003 -4.767134701046349E-003
   1.81250000000000       6.995238998648658E-003 -5.198292245474252E-003
   1.82031250000000       7.317717899324363E-003 -5.555092362079277E-003
   1.82812500000000       7.699981790214108E-003 -5.833647446337655E-003
   1.83593750000000       8.134200018265973E-003 -6.026637747137097E-003
   1.84375000000000       8.612036189516017E-003 -6.123612784221771E-003
   1.85156250000000       9.123542415642252E-003 -6.110286528816646E-003
   1.85937500000000       9.655585562507500E-003 -5.966350551592187E-003
   1.86718750000000       1.018854544796252E-002 -5.659278132792264E-003
   1.87500000000000       1.068521051381313E-002 -5.119777405454141E-003
   1.88281250000000       1.076603831822565E-002 -4.160268193991384E-003
   1.89062500000000       1.041775464973112E-002 -3.687649077362090E-003
   1.89843750000000       1.013763717025572E-002 -3.400907155085096E-003
   1.90625000000000       9.895793232978171E-003 -3.199446644305947E-003
   1.91406250000000       9.682279273404811E-003 -3.048839607343295E-003
   1.92187500000000       9.491734517405107E-003 -2.930836873264973E-003
   1.92968750000000       9.320329323956048E-003 -2.833613145160539E-003
   1.93750000000000       9.164608616574369E-003 -2.748459052994270E-003
   1.94531250000000       9.020842426853373E-003 -2.668375983938209E-003
   1.95312500000000       8.884499063611589E-003 -2.587416427169413E-003
   1.96093750000000       8.749631890295581E-003 -2.500374916440940E-003
   1.96875000000000       8.607864080768933E-003 -2.402645943335825E-003
   1.97656250000000       8.445857146338949E-003 -2.289974407833482E-003
   1.98437500000000       8.226514460960748E-003 -2.152964158582588E-003
   1.99218750000000       7.931792153359093E-003 -2.120027727241083E-003
   2.00000000000000       7.668943354173121E-003 -2.142623847314399E-003
   2.00781250000000       7.424467711264532E-003 -2.199701664425298E-003
   2.01562500000000       7.196669886700332E-003 -2.285601849434989E-003
   2.02343750000000       6.985757585248081E-003 -2.397490246944974E-003
   2.03125000000000       6.792752905646741E-003 -2.533635389990414E-003
   2.03906250000000       6.619170879836213E-003 -2.692877829463994E-003
   2.04687500000000       6.466920898255062E-003 -2.874466182540870E-003
   2.05468750000000       6.338335748096249E-003 -3.078089280396632E-003
   2.06250000000000       6.236353349836798E-003 -3.304106798551427E-003
   2.07031250000000       6.165002020182084E-003 -3.554130789763108E-003
   2.07812500000000       6.130711190827413E-003 -3.832520180578017E-003
   2.08593750000000       6.146877746450879E-003 -4.151443777770256E-003
   2.09375000000000       6.293260637400211E-003 -4.578492851602178E-003
   2.10156250000000       6.668022243696769E-003 -4.746177663297532E-003
   2.10937500000000       6.949888731277023E-003 -4.803025874729616E-003
   2.11718750000000       7.192325642625803E-003 -4.809933509219200E-003
   2.12500000000000       7.406691479292706E-003 -4.781427940687326E-003
   2.13281250000000       7.597456215345164E-003 -4.724487236909060E-003
   2.14062500000000       7.766412236094259E-003 -4.643276536977877E-003
   2.14843750000000       7.913927687834860E-003 -4.540618421386285E-003
   2.15625000000000       8.039412277258856E-003 -4.418606142742606E-003
   2.16406250000000       8.141464203628325E-003 -4.278900831923055E-003
   2.17187500000000       8.217811348467179E-003 -4.122880046279030E-003
   2.17968750000000       8.265008537616471E-003 -3.951689060296876E-003
   2.18750000000000       8.277647795878602E-003 -3.766176140553280E-003
   2.19531250000000       8.246150530130071E-003 -3.566540861018104E-003
   2.20312500000000       8.147872268546207E-003 -3.350570841637462E-003
   2.21093750000000       7.867118365773085E-003 -3.195961568264285E-003
   2.21875000000000       7.665030143620317E-003 -3.250238827885428E-003
   2.22656250000000       7.536661997434089E-003 -3.322321686217105E-003
   2.23437500000000       7.448736038688931E-003 -3.401658356515168E-003
   2.24218750000000       7.389520935338765E-003 -3.484263583917235E-003
   2.25000000000000       7.352863191057119E-003 -3.567979805911269E-003
   2.25781250000000       7.334950636327713E-003 -3.651484833129520E-003
   2.26562500000000       7.333194254384893E-003 -3.733954792022872E-003
   2.27343750000000       7.345751120534365E-003 -3.814937543706803E-003
   2.28125000000000       7.371311412819014E-003 -3.894324071356325E-003
   2.28906250000000       7.409032121317775E-003 -3.972390030862595E-003
   2.29687500000000       7.458597076130623E-003 -4.049921754710143E-003
   2.30468750000000       7.520465280906261E-003 -4.128499531830955E-003
   2.31250000000000       7.596567742671118E-003 -4.211185040386390E-003
   2.32031250000000       7.692651647494112E-003 -4.304702119309200E-003
   2.32812500000000       7.836779960229891E-003 -4.435853134022416E-003
   2.33593750000000       8.106248803633156E-003 -4.452802046934951E-003
   2.34375000000000       8.315589455256374E-003 -4.397593850015487E-003
   2.35156250000000       8.499401588364765E-003 -4.313762038180381E-003
   2.35937500000000       8.664214635899243E-003 -4.208081079372801E-003
   2.36718750000000       8.812392168790734E-003 -4.083675545655450E-003
   2.37500000000000       8.944750889071214E-003 -3.942304019343576E-003
   2.38281250000000       9.061296796504390E-003 -3.785022481424961E-003
   2.39062500000000       9.161487230369480E-003 -3.612435267098637E-003
   2.39843750000000       9.244309693429365E-003 -3.424787613604461E-003
   2.40625000000000       9.308253480927262E-003 -3.221969612422925E-003
   2.41406250000000       9.351176974945627E-003 -3.003440203449755E-003
   2.42187500000000       9.370015593765794E-003 -2.768035188810108E-003
   2.42968750000000       9.360163257204774E-003 -2.513541020208426E-003
   2.43750000000000       9.314009869912885E-003 -2.235660515889427E-003
   2.44531250000000       9.216521680029796E-003 -1.924823918189733E-003
   2.45312500000000       9.020161737810747E-003 -1.547702530967504E-003
   2.46093750000000       8.521577336426705E-003 -1.336618073695063E-003
   2.46875000000000       8.151708992258387E-003 -1.344500501425002E-003
   2.47656250000000       7.850163948410087E-003 -1.403509579338176E-003
   2.48437500000000       7.593404481236042E-003 -1.495285331455103E-003
   2.49218750000000       7.371601402028957E-003 -1.611876365601614E-003
   2.50000000000000       7.179579001645182E-003 -1.748844323603590E-003
   2.53125000000000       6.665436175013792E-003 -2.456951753913083E-003
   2.56250000000000       6.559089833604998E-003 -3.384370257829693E-003
   2.59375000000000       7.323589481065148E-003 -4.481990002003606E-003
   2.62500000000000       8.318078592508119E-003 -4.475050078210854E-003
   2.65625000000000       8.989515406534841E-003 -4.294684817727398E-003
   2.68750000000000       9.518979076691650E-003 -4.077062231766940E-003
   2.71875000000000       1.001880189904703E-002 -3.928934816723327E-003
   2.75000000000000       1.069717579657545E-002 -3.580834913727289E-003
   2.78125000000000       1.120037548302727E-002 -3.113864126634162E-003
   2.81250000000000       1.164221000895835E-002 -2.616661663439773E-003
   2.84375000000000       1.205392159781402E-002 -2.091733112835484E-003
   2.87500000000000       1.250532941288772E-002 -1.537913564227701E-003
   2.90625000000000       1.289998233369742E-002 -7.696971483328544E-004
   2.93750000000000       1.318863104304774E-002  3.865610118152125E-005
   2.96875000000000       1.342033178801917E-002  9.220405813027757E-004
   3.00000000000000       1.358998568395112E-002  1.946589720610372E-003
   3.03125000000000       1.345476736564541E-002  3.380728577884781E-003
   3.06250000000000       1.271960900118955E-002  4.285467914675593E-003
   3.09375000000000       1.210349576437207E-002  4.964108464842559E-003
   3.12500000000000       1.151497717741308E-002  5.550017846009014E-003
   3.15625000000000       1.092619136233601E-002  6.080246154732051E-003
   3.18750000000000       1.030089434983810E-002  6.596992541537835E-003
   3.21875000000000       9.560215899772555E-003  6.963432260711836E-003
   3.25000000000000       8.859294797026233E-003  7.225200202912931E-003
   3.28125000000000       8.163824126453480E-003  7.410349856973888E-003
   3.31250000000000       7.467256825028364E-003  7.518549118650675E-003
   3.34375000000000       6.763303170118942E-003  7.548236267310184E-003
   3.37500000000000       6.002617359615818E-003  7.450912201461629E-003
   3.40625000000000       5.310264632915004E-003  7.153378804048705E-003
   3.43750000000000       4.715210320886194E-003  6.701092816366369E-003
   3.46875000000000       4.253449713422485E-003  6.075872987653934E-003
   3.50000000000000       4.002011484611193E-003  5.233913005261850E-003
   3.53125000000000       4.205911469833658E-003  4.006785311806257E-003
   3.56250000000000       5.688725151284834E-003  3.618065916567572E-003
   3.59375000000000       6.589107903093382E-003  4.002470175882462E-003
   3.62500000000000       7.237698598944704E-003  4.583911269595765E-003
   3.65625000000000       7.725074397362794E-003  5.323810171598699E-003
   3.68750000000000       8.077085771018674E-003  6.252152060474053E-003
   3.71875000000000       8.237749947710451E-003  7.555316194188255E-003
   3.75000000000000       7.408021367150755E-003  8.722459580942445E-003
   3.78125000000000       6.684445923126097E-003  9.390907782235829E-003
   3.81250000000000       5.990709459615114E-003  9.950511700778771E-003
   3.84375000000000       5.284594709869514E-003  1.046016276455258E-002
   3.87500000000000       4.533755421335920E-003  1.095500582315784E-002
   3.90625000000000       3.679468297407798E-003  1.148731847809572E-002
   3.93750000000000       2.384166718331032E-003  1.189070604541981E-002
   3.96875000000000       1.153708417716946E-003  1.183383233276823E-002
   4.00000000000000       1.798885329258506E-005  1.159646022080544E-002
   4.03125000000000      -1.039486526247492E-003  1.120460334734638E-002
   4.06250000000000      -2.008879379889536E-003  1.066632451742380E-002
   4.09375000000000      -2.862271677673414E-003  9.985082483852728E-003
   4.12500000000000      -3.493274152636024E-003  9.162614088538572E-003
   4.15625000000000      -4.028280063738793E-003  8.538865268024335E-003
   4.18750000000000      -4.614566493829169E-003  7.792117051792821E-003
   4.21875000000000      -5.140185686376661E-003  6.904452432924788E-003
   4.25000000000000      -5.548789066166480E-003  5.867011940829128E-003
   4.28125000000000      -5.777533234961241E-003  4.670854138026960E-003
   4.31250000000000      -5.726865076507037E-003  3.294932373798961E-003
   4.34375000000000      -4.920303059040598E-003  1.655543495816685E-003
   4.37500000000000      -3.676406607849067E-003  1.251821544931784E-003
   4.40625000000000      -2.854526288466013E-003  1.096786256672224E-003
   4.43750000000000      -2.209463710241781E-003  1.036827749839909E-003
   4.46875000000000      -1.674310093452511E-003  1.031129700983600E-003
   4.50000000000000      -1.214980670820336E-003  1.058684075042567E-003
   4.53125000000000      -8.073738733957326E-004  1.102958738384077E-003
   4.56250000000000      -4.173941260264490E-004  1.133985291556575E-003
   4.59375000000000       7.680056911343880E-005  1.271708334549062E-003
   4.62500000000000       4.600860834389755E-004  1.535292792062364E-003
   4.65625000000000       7.702507734050823E-004  1.848353206188206E-003
   4.68750000000000       1.019965535004341E-003  2.208611248872425E-003
   4.71875000000000       1.211027451725480E-003  2.624221847901179E-003
   4.75000000000000       1.335248341236155E-003  3.115366817529008E-003
   4.78125000000000       1.361779915271625E-003  3.732503950511116E-003
   4.81250000000000       9.562425834970887E-004  4.628315815406750E-003
   4.84375000000000       1.718524167832807E-004  4.863086866323214E-003
   4.87500000000000      -4.520918092230158E-004  4.869221811817582E-003
   4.90625000000000      -9.913114300717652E-004  4.743632173521577E-003
   4.93750000000000      -1.458867949977067E-003  4.511348706643884E-003
   4.96875000000000      -1.851869635869086E-003  4.180935127265396E-003
   5.00000000000000      -2.155770770402857E-003  3.751459604788097E-003
   5.03125000000000      -2.334775915278428E-003  3.206973773480011E-003
   5.06250000000000      -2.145560815797659E-003  2.512816723916386E-003
   5.09375000000000      -1.766728422978159E-003  2.303809873824929E-003
   5.12500000000000      -1.513218241834069E-003  2.199991898415542E-003
   5.15625000000000      -1.310297169465606E-003  2.140156294282113E-003
   5.18750000000000      -1.136025108698380E-003  2.106929433748485E-003
   5.21875000000000      -9.790259102543239E-004  2.091949616909297E-003
   5.25000000000000      -8.309879804865811E-004  2.090025753026609E-003
   5.28125000000000      -6.825316947104129E-004  2.096780686900879E-003
   5.31250000000000      -5.112417514668632E-004  2.104866296882758E-003
   5.34375000000000      -2.791358730204010E-004  2.214706648095092E-003
   5.37500000000000      -1.270435899688660E-004  2.390119668671736E-003
   5.40625000000000      -1.835954500225472E-005  2.589047914692732E-003
   5.43750000000000       5.334168119967419E-005  2.808961716908965E-003
   5.46875000000000       8.847377393636155E-005  3.049190734067477E-003
   5.50000000000000       8.411591935387645E-005  3.310262919583560E-003
   5.53125000000000       3.326153846307098E-005  3.594309989402279E-003
   5.56250000000000      -8.013999810175683E-005  3.907158917866225E-003
   5.59375000000000      -3.220234578892055E-004  4.275701063876838E-003
   5.62500000000000      -7.397545705232403E-004  4.384945296289498E-003
   5.65625000000000      -1.027324909218139E-003  4.417245851466800E-003
   5.68750000000000      -1.273981084347013E-003  4.431651963075524E-003
   5.71875000000000      -1.497825274311227E-003  4.436423185510099E-003
   5.75000000000000      -1.707508697638144E-003  4.435859368660280E-003
   5.78125000000000      -1.908592816910292E-003  4.433181822917073E-003
   5.81250000000000      -2.105725555476641E-003  4.431746165154078E-003
   5.84375000000000      -2.304379600551405E-003  4.436580141080674E-003
   5.87500000000000      -2.516214095382027E-003  4.460738529803682E-003
   5.90625000000000      -2.822488412476871E-003  4.468975574259720E-003
   5.93750000000000      -3.113553033886386E-003  4.386339798174932E-003
   5.96875000000000      -3.382456077435632E-003  4.272216743827387E-003
   6.00000000000000      -3.634327861533587E-003  4.134659204748412E-003
   6.03125000000000      -3.870843351542795E-003  3.977093063913320E-003
   6.06250000000000      -4.092524228623003E-003  3.801419427990831E-003
   6.09375000000000      -4.299284352984628E-003  3.608771121136750E-003
   6.12500000000000      -4.490561422001679E-003  3.399704622391409E-003
   6.15625000000000      -4.665148430519697E-003  3.173964049026146E-003
   6.18750000000000      -4.819303286964182E-003  2.927589829907457E-003
   6.21875000000000      -4.934113213952490E-003  2.680516213332058E-003
   6.25000000000000      -5.039380480603855E-003  2.436312076561878E-003
   6.28125000000000      -5.131395525307766E-003  2.186427318902867E-003
   6.31250000000000      -5.208291676169626E-003  1.929514403063166E-003
   6.34375000000000      -5.268271640385501E-003  1.664935724322743E-003
   6.37500000000000      -5.309148423276778E-003  1.392195176452456E-003
   6.40625000000000      -5.327897418512386E-003  1.110668004568237E-003
   6.43750000000000      -5.319774730831750E-003  8.192570588044807E-004
   6.46875000000000      -5.275793894844965E-003  5.155020205935765E-004
   6.50000000000000      -5.169364666788360E-003  1.907899616057345E-004
   6.53125000000000      -4.925240617903618E-003 -2.431970089465836E-005
   6.56250000000000      -4.765031028451532E-003 -1.415554456178532E-004
   6.59375000000000      -4.639922386914059E-003 -2.445241620856256E-004
   6.62500000000000      -4.534910572313844E-003 -3.393424019005487E-004
   6.65625000000000      -4.443711157926513E-003 -4.286682564906222E-004
   6.68750000000000      -4.362920374814833E-003 -5.140158478902004E-004
   6.71875000000000      -4.290503113553086E-003 -5.963742756072195E-004
   6.75000000000000      -4.225258417514552E-003 -6.764518964335973E-004
   6.78125000000000      -4.166685963792010E-003 -7.547983893939469E-004
   6.81250000000000      -4.115317073912515E-003 -8.318874843274583E-004
   6.84375000000000      -4.076799389505503E-003 -9.082786095836667E-004
   6.87500000000000      -4.040406473270636E-003 -1.009760265104229E-003
   6.90625000000000      -3.992020590917479E-003 -1.110394899610243E-003
   6.93750000000000      -3.939405264176660E-003 -1.209985280186976E-003
   6.96875000000000      -3.883732620746495E-003 -1.308784585152283E-003
   7.00000000000000      -3.825291314666180E-003 -1.407009566403937E-003
   7.03125000000000      -3.764000896665589E-003 -1.504865532747469E-003
   7.06250000000000      -3.699526657403366E-003 -1.602563645808805E-003
   7.09375000000000      -3.631255435571717E-003 -1.700342519370479E-003
   7.12500000000000      -3.558125612457946E-003 -1.798508423803653E-003
   7.15625000000000      -3.478058313732357E-003 -1.897542149676601E-003
   7.18750000000000      -3.384895513152781E-003 -1.998625235252377E-003
   7.21875000000000      -3.267009638820411E-003 -2.071701824381270E-003
   7.25000000000000      -3.170306351285217E-003 -2.127064111717744E-003
   7.28125000000000      -3.081385037962715E-003 -2.180383344572089E-003
   7.31250000000000      -2.996835419263598E-003 -2.232411250255521E-003
   7.34375000000000      -2.915145905775024E-003 -2.283544411784487E-003
   7.37500000000000      -2.835407457946535E-003 -2.334060601467878E-003
   7.40625000000000      -2.756973047828383E-003 -2.384187207046950E-003
   7.43750000000000      -2.679321622530951E-003 -2.434133439991160E-003
   7.46875000000000      -2.601984569376159E-003 -2.484114309804724E-003
   7.50000000000000      -2.524485275475127E-003 -2.534381849609827E-003
   7.53125000000000      -2.446239060309496E-003 -2.585298116206136E-003
   7.56250000000000      -2.366040304874145E-003 -2.637743202644816E-003
   7.59375000000000      -2.280542630718349E-003 -2.687885986096985E-003
   7.62500000000000      -2.195082521679633E-003 -2.735846816727410E-003
   7.65625000000000      -2.108313710764130E-003 -2.783351573532055E-003
   7.68750000000000      -2.019517855844097E-003 -2.830674368775321E-003
   7.71875000000000      -1.928011348178718E-003 -2.877984938185838E-003
   7.75000000000000      -1.833014174677951E-003 -2.925429224186123E-003
   7.78125000000000      -1.733552634413282E-003 -2.973160373001080E-003
   7.81250000000000      -1.628322716157341E-003 -3.021363953798527E-003
   7.84375000000000      -1.515443026571845E-003 -3.070293956651002E-003
   7.87500000000000      -1.391922525242780E-003 -3.120345142579009E-003
   7.90625000000000      -1.252222319006953E-003 -3.172246266259860E-003
   7.93750000000000      -1.082200336112954E-003 -3.227879123147978E-003
   7.96875000000000      -8.239780727834324E-004 -3.225800269527612E-003
   8.00000000000000      -6.355928984287385E-004 -3.127295460622163E-003
   8.03125000000000      -4.890637064583359E-004 -3.023127461048596E-003
   8.06250000000000      -3.680311325684853E-004 -2.915559682238300E-003
   8.09375000000000      -2.667123225304083E-004 -2.805387792246187E-003
   8.12500000000000      -1.823540969146569E-004 -2.692987849879505E-003
   8.15625000000000      -1.136240003782882E-004 -2.578539687482877E-003
   8.18750000000000      -6.009517983544040E-005 -2.462098499062652E-003
   8.21875000000000      -2.211505102992731E-005 -2.343613350616084E-003
   8.25000000000000      -9.253890381954663E-007 -2.222911229787009E-003
   8.28125000000000       8.561953320201238E-007 -2.099632068014349E-003
   8.31250000000000      -2.221325787826918E-005 -1.973033157947288E-003
   8.34375000000000      -8.446790566968027E-005 -1.841172859522533E-003
   8.37500000000000      -2.510349729500762E-004 -1.762927420938291E-003
   8.40625000000000      -3.535427501654299E-004 -1.796316623215380E-003
   8.43750000000000      -4.157655506760649E-004 -1.835242663131789E-003
   8.46875000000000      -4.567631802614236E-004 -1.877076617511565E-003
   8.50000000000000      -4.832070073150004E-004 -1.920872968876082E-003
   8.53125000000000      -4.984700035247864E-004 -1.966138424519104E-003
   8.56250000000000      -5.045210249677362E-004 -2.012572413420634E-003
   8.59375000000000      -5.025834293621353E-004 -2.059975386752481E-003
   8.62500000000000      -4.934172876943791E-004 -2.108208065720373E-003
   8.65625000000000      -4.774458610435437E-004 -2.157170962982752E-003
   8.68750000000000      -4.547915890690214E-004 -2.206793821076865E-003
   8.71875000000000      -4.252152631784795E-004 -2.257031671413417E-003
   8.75000000000000      -3.878210295470341E-004 -2.307869979916784E-003
   8.78125000000000      -3.393667152745729E-004 -2.359372647892075E-003
   8.81250000000000      -2.757370789269031E-004 -2.393855915007501E-003
   8.84375000000000      -2.223307739660984E-004 -2.420525042981726E-003
   8.87500000000000      -1.701995225815945E-004 -2.447407964494325E-003
   8.90625000000000      -1.172434673798288E-004 -2.474578736211613E-003
   8.93750000000000      -6.245755531406137E-005 -2.502079254396785E-003
   8.96875000000000      -5.134324625154403E-006 -2.529946612126151E-003
   9.00000000000000       5.536024223760753E-005 -2.558222307859099E-003
   9.03125000000000       1.196973196508286E-004 -2.586958572431069E-003
   9.06250000000000       1.886755694598284E-004 -2.616225650801435E-003
   9.09375000000000       2.633345792913454E-004 -2.646123033521824E-003
   9.12500000000000       3.451444747806648E-004 -2.676799997657391E-003
   9.15625000000000       4.363955773877947E-004 -2.708499411729503E-003
   9.18750000000000       5.412043921877380E-004 -2.741672863939911E-003
   9.21875000000000       6.693846079581251E-004 -2.777429195185936E-003
   9.25000000000000       8.697865420790327E-004 -2.782374583505159E-003
   9.28125000000000       1.025364806541723E-003 -2.695461929792304E-003
   9.31250000000000       1.144785694875694E-003 -2.604359547531312E-003
   9.34375000000000       1.244314674761463E-003 -2.510998922278011E-003
   9.37500000000000       1.329332519003565E-003 -2.416020287549488E-003
   9.40625000000000       1.402497903744620E-003 -2.319741705070245E-003
   9.43750000000000       1.465311240584520E-003 -2.222344932628005E-003
   9.46875000000000       1.518638458983540E-003 -2.123937899542370E-003
   9.50000000000000       1.562923655545228E-003 -2.024580402853490E-003
   9.53125000000000       1.598270356343777E-003 -1.924294492955998E-003
   9.56250000000000       1.624441564323146E-003 -1.823065761708233E-003
   9.59375000000000       1.640773915839847E-003 -1.720835563818816E-003
   9.62500000000000       1.645936396611199E-003 -1.617477477854020E-003
   9.65625000000000       1.637266807367825E-003 -1.512731572610715E-003
   9.68750000000000       1.608306914195098E-003 -1.405959379043460E-003
   9.71875000000000       1.522960810609945E-003 -1.313198966156097E-003
   9.75000000000000       1.459801097754792E-003 -1.297957677024627E-003
   9.78125000000000       1.423635969839734E-003 -1.285437472453634E-003
   9.81250000000000       1.399792342354834E-003 -1.274161016141488E-003
   9.84375000000000       1.383874402939351E-003 -1.263681159870618E-003
   9.87500000000000       1.373751468847871E-003 -1.253779383189660E-003
   9.90625000000000       1.368201908586194E-003 -1.244329246030662E-003
   9.93750000000000       1.366469326399622E-003 -1.235251424254051E-003
   9.96875000000000       1.368076116084278E-003 -1.226494657241966E-003
   10.0000000000000       1.372736106124040E-003 -1.218026663720399E-003
   10.0312500000000       1.380315651103360E-003 -1.209829872540754E-003
   10.0625000000000       1.390826968687607E-003 -1.201900239624954E-003
   10.0937500000000       1.404455934173717E-003 -1.194249166898614E-003
   10.1250000000000       1.421652095244477E-003 -1.186910776491977E-003
   10.1562500000000       1.443392208015992E-003 -1.179963900868205E-003
   10.1875000000000       1.472248959340582E-003 -1.173622346709875E-003
   10.2187500000000       1.520436869205266E-003 -1.157633923401413E-003
   10.2500000000000       1.556135134283667E-003 -1.119322379056912E-003
   10.2812500000000       1.583419919466511E-003 -1.080273424940746E-003
   10.3125000000000       1.606246061884337E-003 -1.040834519966683E-003
   10.3437500000000       1.625948679596629E-003 -1.001126482009904E-003
   10.3750000000000       1.643197868893827E-003 -9.612123577329807E-004
   10.4062500000000       1.658388204273754E-003 -9.211313139323484E-004
   10.4375000000000       1.671773155429409E-003 -8.809104509459632E-004
   10.4687500000000       1.683524064654138E-003 -8.405700908446965E-004
   10.5000000000000       1.693759936394111E-003 -8.001265759007867E-004
   10.5312500000000       1.702563833167029E-003 -7.595939907408178E-004
   10.5625000000000       1.709992280683552E-003 -7.189854443819177E-004
   10.5937500000000       1.716080435805024E-003 -6.783143194059554E-004
   10.6250000000000       1.720843932082037E-003 -6.375959763233376E-004
   10.6562500000000       1.724276448628364E-003 -5.968510245436573E-004
   10.6875000000000       1.726336376734871E-003 -5.561142812012432E-004
   10.7187500000000       1.726868243831380E-003 -5.154805327405388E-004
   10.7500000000000       1.726175541703620E-003 -4.758903377821005E-004
   10.7812500000000       1.725167743296852E-003 -4.361806552072079E-004
   10.8125000000000       1.723164375041626E-003 -3.962285473071577E-004
   10.8437500000000       1.720034963395596E-003 -3.560915303159541E-004
   10.8750000000000       1.715697576368660E-003 -3.157943720764507E-004
   10.9062500000000       1.710078699356801E-003 -2.753505473758674E-004
   10.9375000000000       1.703101098510706E-003 -2.347677850023338E-004
   10.9687500000000       1.694677048320084E-003 -1.940500798538287E-004
   11.0000000000000       1.684702347867648E-003 -1.531984544283159E-004
   11.0312500000000       1.673049194547927E-003 -1.122110939940401E-004
   11.0625000000000       1.659556192347919E-003 -7.108301403464671E-005
   11.0937500000000       1.644012853425476E-003 -2.980518959651074E-005
   11.1250000000000       1.626133484836256E-003  1.163716784461115E-005
   11.1562500000000       1.605508865373263E-003  5.326800791792454E-005
   11.1875000000000       1.581504867533337E-003  9.512777424899388E-005
   11.2187500000000       1.553004932764647E-003  1.372923080825610E-004
   11.2500000000000       1.517473224927751E-003  1.799422936069588E-004
   11.2812500000000       1.461395735610703E-003  2.166300586303924E-004
   11.3125000000000       1.414938249586830E-003  2.243564435003291E-004
   11.3437500000000       1.379047875937149E-003  2.312224284843900E-004
   11.3750000000000       1.348154885923756E-003  2.376575149319053E-004
   11.4062500000000       1.320543476233877E-003  2.437958655797171E-004
   11.4375000000000       1.295350053446963E-003  2.497052793116483E-004
   11.4687500000000       1.272052000070217E-003  2.554265413290675E-004
   11.5000000000000       1.250298725519914E-003  2.609864855402464E-004
   11.5312500000000       1.229838868727032E-003  2.664036056535253E-004
   11.5625000000000       1.210483669962278E-003  2.716908200691565E-004
   11.5937500000000       1.192086565420507E-003  2.768569139144712E-004
   11.6250000000000       1.174531009727829E-003  2.819072449765096E-004
   11.6562500000000       1.157722910758215E-003  2.868439316344477E-004
   11.6875000000000       1.141585980678090E-003  2.916655270830430E-004
   11.7187500000000       1.126059266855147E-003  2.963659528167060E-004
   11.7500000000000       1.111097024494793E-003  3.009319601014623E-004
   11.7812500000000       1.096672778285436E-003  3.053367732794177E-004
   11.8125000000000       1.082796634328659E-003  3.095198841099427E-004
   11.8437500000000       1.069634903305856E-003  3.132555181570291E-004
   11.8750000000000       1.058200129424500E-003  3.176584388852538E-004
   11.9062500000000       1.046512749832259E-003  3.229688673045896E-004
   11.9375000000000       1.034763472638800E-003  3.285202813402320E-004
   11.9687500000000       1.022993059223814E-003  3.342205545876276E-004
   12.0000000000000       1.011197559847519E-003  3.400281469356742E-004
   13.0000000000000       9.334131321669405E-004  0.000000000000000E+000
   14.0000000000000       8.667407655835876E-004  0.000000000000000E+000
   15.0000000000000       8.089580478780151E-004  0.000000000000000E+000
   16.0000000000000       7.583981698856392E-004  0.000000000000000E+000
   17.0000000000000       7.137865128335428E-004  0.000000000000000E+000
   18.0000000000000       6.741317065650126E-004  0.000000000000000E+000
   19.0000000000000       6.386510904300120E-004  0.000000000000000E+000
   20.0000000000000       6.067185359085114E-004  0.000000000000000E+000
   21.0000000000000       5.778271770557251E-004  0.000000000000000E+000
   22.0000000000000       5.515623053713739E-004  0.000000000000000E+000
   23.0000000000000       5.275813355726186E-004  0.000000000000000E+000
   24.0000000000000       5.055987799237595E-004  0.000000000000000E+000
   25.0000000000000       4.853748287268091E-004  0.000000000000000E+000
   26.0000000000000       4.667065660834702E-004  0.000000000000000E+000
   27.0000000000000       4.494211377100084E-004  0.000000000000000E+000
   28.0000000000000       4.333703827917938E-004  0.000000000000000E+000
   29.0000000000000       4.184265764886285E-004  0.000000000000000E+000
   30.0000000000000       4.044790239390075E-004  0.000000000000000E+000
   31.0000000000000       3.914313134893622E-004  0.000000000000000E+000
   32.0000000000000       3.791990849428196E-004  0.000000000000000E+000
   33.0000000000000       3.677082035809160E-004  0.000000000000000E+000
   34.0000000000000       3.568932564167714E-004  0.000000000000000E+000
   35.0000000000000       3.466963062334351E-004  0.000000000000000E+000
   36.0000000000000       3.370658532825063E-004  0.000000000000000E+000
   37.0000000000000       3.279559653559521E-004  0.000000000000000E+000
   38.0000000000000       3.193255452150060E-004  0.000000000000000E+000
   39.0000000000000       3.111377107223135E-004  0.000000000000000E+000
   40.0000000000000       3.033592679542557E-004  0.000000000000000E+000
   41.0000000000000       2.959602614187860E-004  0.000000000000000E+000
   42.0000000000000       2.889135885278625E-004  0.000000000000000E+000
   43.0000000000000       2.821946678644239E-004  0.000000000000000E+000
   44.0000000000000       2.757811526856870E-004  0.000000000000000E+000
   45.0000000000000       2.696526826260050E-004  0.000000000000000E+000
   46.0000000000000       2.637906677863093E-004  0.000000000000000E+000
   47.0000000000000       2.581781003866006E-004  0.000000000000000E+000
   48.0000000000000       2.527993899618797E-004  0.000000000000000E+000
   49.0000000000000       2.476402187381679E-004  0.000000000000000E+000
   50.0000000000000       2.426874143634045E-004  0.000000000000000E+000
   51.0000000000000       2.379288376111809E-004  0.000000000000000E+000
   52.0000000000000       2.333532830417351E-004  0.000000000000000E+000
   53.0000000000000       2.289503909088722E-004  0.000000000000000E+000
   54.0000000000000       2.247105688550042E-004  0.000000000000000E+000
   55.0000000000000       2.206249221485496E-004  0.000000000000000E+000
   56.0000000000000       2.166851913958969E-004  0.000000000000000E+000
   57.0000000000000       2.128836968100040E-004  0.000000000000000E+000
   58.0000000000000       2.092132882443142E-004  0.000000000000000E+000
   59.0000000000000       2.056673003079699E-004  0.000000000000000E+000
   60.0000000000000       2.022395119695038E-004  0.000000000000000E+000
   61.0000000000000       1.989241101339381E-004  0.000000000000000E+000
   62.0000000000000       1.957156567446811E-004  0.000000000000000E+000
   63.0000000000000       1.926090590185750E-004  0.000000000000000E+000
   64.0000000000000       1.895995424714098E-004  0.000000000000000E+000
   65.0000000000000       1.866826264333881E-004  0.000000000000000E+000
   66.0000000000000       1.838541017904580E-004  0.000000000000000E+000
   67.0000000000000       1.811100107189586E-004  0.000000000000000E+000
   68.0000000000000       1.784466282083857E-004  0.000000000000000E+000
   69.0000000000000       1.758604451908728E-004  0.000000000000000E+000
   70.0000000000000       1.733481531167175E-004  0.000000000000000E+000
   71.0000000000000       1.709066298333835E-004  0.000000000000000E+000
   72.0000000000000       1.685329266412531E-004  0.000000000000000E+000
   73.0000000000000       1.662242564132908E-004  0.000000000000000E+000
   74.0000000000000       1.639779826779760E-004  0.000000000000000E+000
   75.0000000000000       1.617916095756030E-004  0.000000000000000E+000
   76.0000000000000       1.596627726075030E-004  0.000000000000000E+000
   77.0000000000000       1.575892301061068E-004  0.000000000000000E+000
   78.0000000000000       1.555688553611567E-004  0.000000000000000E+000
   79.0000000000000       1.535996293439269E-004  0.000000000000000E+000
   80.0000000000000       1.516796339771278E-004  0.000000000000000E+000
   81.0000000000000       1.498070459033361E-004  0.000000000000000E+000
   82.0000000000000       1.479801307093930E-004  0.000000000000000E+000
   83.0000000000000       1.461972375683160E-004  0.000000000000000E+000
   84.0000000000000       1.444567942639313E-004  0.000000000000000E+000
   85.0000000000000       1.427573025667086E-004  0.000000000000000E+000
   86.0000000000000       1.410973339322119E-004  0.000000000000000E+000
   87.0000000000000       1.394755254962095E-004  0.000000000000000E+000
   88.0000000000000       1.378905763428435E-004  0.000000000000000E+000
   89.0000000000000       1.363412440243846E-004  0.000000000000000E+000
   90.0000000000000       1.348263413130025E-004  0.000000000000000E+000
   91.0000000000000       1.333447331667058E-004  0.000000000000000E+000
   92.0000000000000       1.318953338931546E-004  0.000000000000000E+000
   93.0000000000000       1.304771044964540E-004  0.000000000000000E+000
   94.0000000000000       1.290890501933003E-004  0.000000000000000E+000
   95.0000000000000       1.277302180860024E-004  0.000000000000000E+000
   96.0000000000000       1.263996949809399E-004  0.000000000000000E+000
   97.0000000000000       1.250966053419611E-004  0.000000000000000E+000
   98.0000000000000       1.238201093690840E-004  0.000000000000000E+000
   99.0000000000000       1.225694011936387E-004  0.000000000000000E+000
   100.000000000000       1.213437071817023E-004  0.000000000000000E+000
   101.000000000000       1.201422843383191E-004  0.000000000000000E+000
   102.000000000000       1.189644188055905E-004  0.000000000000000E+000
   103.000000000000       1.178094244482546E-004  0.000000000000000E+000
   104.000000000000       1.166766415208676E-004  0.000000000000000E+000
   105.000000000000       1.155654354111450E-004  0.000000000000000E+000
   106.000000000000       1.144751954544361E-004  0.000000000000000E+000
   107.000000000000       1.134053338146750E-004  0.000000000000000E+000
   108.000000000000       1.123552844275021E-004  0.000000000000000E+000
   109.000000000000       1.113245020015617E-004  0.000000000000000E+000
   110.000000000000       1.103124610742748E-004  0.000000000000000E+000
   111.000000000000       1.093186551186507E-004  0.000000000000000E+000
   112.000000000000       1.083425956979484E-004  0.000000000000000E+000
   113.000000000000       1.073838116652232E-004  0.000000000000000E+000
   114.000000000000       1.064418484050020E-004  0.000000000000000E+000
   115.000000000000       1.055162671145237E-004  0.000000000000000E+000
   116.000000000000       1.046066441221571E-004  0.000000000000000E+000
   117.000000000000       1.037125702407712E-004  0.000000000000000E+000
   118.000000000000       1.028336501539850E-004  0.000000000000000E+000
   119.000000000000       1.019695018333632E-004  0.000000000000000E+000
   120.000000000000       1.011197559847519E-004  0.000000000000000E+000
   121.000000000000       1.002840555220680E-004  0.000000000000000E+000
   122.000000000000       9.946205506696907E-005  0.000000000000000E+000
   123.000000000000       9.865342047292867E-005  0.000000000000000E+000
   124.000000000000       9.785782837234054E-005  0.000000000000000E+000
   125.000000000000       9.707496574536181E-005  0.000000000000000E+000
   126.000000000000       9.630452950928751E-005  0.000000000000000E+000
   127.000000000000       9.554622612732463E-005  0.000000000000000E+000
   128.000000000000       9.479977123570490E-005  0.000000000000000E+000
   129.000000000000       9.406488928814129E-005  0.000000000000000E+000
   130.000000000000       9.334131321669405E-005  0.000000000000000E+000
   131.000000000000       9.262878410816966E-005  0.000000000000000E+000
   132.000000000000       9.192705089522899E-005  0.000000000000000E+000
   133.000000000000       9.123587006143028E-005  0.000000000000000E+000
   134.000000000000       9.055500535947930E-005  0.000000000000000E+000
   135.000000000000       8.988422754200167E-005  0.000000000000000E+000
   136.000000000000       8.922331410419285E-005  0.000000000000000E+000
   137.000000000000       8.857204903773888E-005  0.000000000000000E+000
   138.000000000000       8.793022259543642E-005  0.000000000000000E+000
   139.000000000000       8.729763106597285E-005  0.000000000000000E+000
   140.000000000000       8.667407655835876E-005  0.000000000000000E+000
   141.000000000000       8.605936679553352E-005  0.000000000000000E+000
   142.000000000000       8.545331491669173E-005  0.000000000000000E+000
   143.000000000000       8.485573928790368E-005  0.000000000000000E+000
   144.000000000000       8.426646332062657E-005  0.000000000000000E+000
   145.000000000000       8.368531529772570E-005  0.000000000000000E+000
   146.000000000000       8.311212820664539E-005  0.000000000000000E+000
   147.000000000000       8.254673957938930E-005  0.000000000000000E+000
   148.000000000000       8.198899133898802E-005  0.000000000000000E+000
   149.000000000000       8.143872965214917E-005  0.000000000000000E+000
   150.000000000000       8.089580478780151E-005  0.000000000000000E+000
   151.000000000000       8.036007098125978E-005  0.000000000000000E+000
   152.000000000000       7.983138630375149E-005  0.000000000000000E+000
   153.000000000000       7.930961253706031E-005  0.000000000000000E+000
   154.000000000000       7.879461505305341E-005  0.000000000000000E+000
   155.000000000000       7.828626269787244E-005  0.000000000000000E+000
   156.000000000000       7.778442768057837E-005  0.000000000000000E+000
   157.000000000000       7.728898546605240E-005  0.000000000000000E+000
   158.000000000000       7.679981467196346E-005  0.000000000000000E+000
   159.000000000000       7.631679696962406E-005  0.000000000000000E+000
   160.000000000000       7.583981698856392E-005  0.000000000000000E+000
   161.000000000000       7.536876222465979E-005  0.000000000000000E+000
   162.000000000000       7.490352295166806E-005  0.000000000000000E+000
   163.000000000000       7.444399213601366E-005  0.000000000000000E+000
   164.000000000000       7.399006535469651E-005  0.000000000000000E+000
   165.000000000000       7.354164071618319E-005  0.000000000000000E+000
   166.000000000000       7.309861878415800E-005  0.000000000000000E+000
   167.000000000000       7.266090250401333E-005  0.000000000000000E+000
   168.000000000000       7.222839713196563E-005  0.000000000000000E+000
   169.000000000000       7.180101016668774E-005  0.000000000000000E+000
   170.000000000000       7.137865128335428E-005  0.000000000000000E+000
   171.000000000000       7.096123227000133E-005  0.000000000000000E+000
   172.000000000000       7.054866696610596E-005  0.000000000000000E+000
   173.000000000000       7.014087120329611E-005  0.000000000000000E+000
   174.000000000000       6.973776274810475E-005  0.000000000000000E+000
   175.000000000000       6.933926124668701E-005  0.000000000000000E+000
   176.000000000000       6.894528817142174E-005  0.000000000000000E+000
   177.000000000000       6.855576676932331E-005  0.000000000000000E+000
   178.000000000000       6.817062201219229E-005  0.000000000000000E+000
   179.000000000000       6.778978054843703E-005  0.000000000000000E+000
   180.000000000000       6.741317065650126E-005  0.000000000000000E+000
   181.000000000000       6.704072219983551E-005  0.000000000000000E+000
   182.000000000000       6.667236658335289E-005  0.000000000000000E+000
   183.000000000000       6.630803671131272E-005  0.000000000000000E+000
   184.000000000000       6.594766694657732E-005  0.000000000000000E+000
   185.000000000000       6.559119307119041E-005  0.000000000000000E+000
   186.000000000000       6.523855224822702E-005  0.000000000000000E+000
   187.000000000000       6.488968298486752E-005  0.000000000000000E+000
   188.000000000000       6.454452509665015E-005  0.000000000000000E+000
   189.000000000000       6.420301967285835E-005  0.000000000000000E+000
   190.000000000000       6.386510904300119E-005  0.000000000000000E+000
   191.000000000000       6.353073674434673E-005  0.000000000000000E+000
   192.000000000000       6.319984749046993E-005  0.000000000000000E+000
   193.000000000000       6.287238714077838E-005  0.000000000000000E+000
   194.000000000000       6.254830267098055E-005  0.000000000000000E+000
   195.000000000000       6.222754214446270E-005  0.000000000000000E+000
   196.000000000000       6.191005468454198E-005  0.000000000000000E+000
   197.000000000000       6.159579044756460E-005  0.000000000000000E+000
   198.000000000000       6.128470059681933E-005  0.000000000000000E+000
   199.000000000000       6.097673727723732E-005  0.000000000000000E+000
   200.000000000000       6.067185359085113E-005  0.000000000000000E+000
   201.000000000000       6.037000357298620E-005  0.000000000000000E+000
   202.000000000000       6.007114216915954E-005  0.000000000000000E+000
   203.000000000000       5.977522521266121E-005  0.000000000000000E+000
   204.000000000000       5.948220940279523E-005  0.000000000000000E+000
   205.000000000000       5.919205228375720E-005  0.000000000000000E+000
   206.000000000000       5.890471222412731E-005  0.000000000000000E+000
   207.000000000000       5.862014839695762E-005  0.000000000000000E+000
   208.000000000000       5.833832076043378E-005  0.000000000000000E+000
   209.000000000000       5.805919003909199E-005  0.000000000000000E+000
   210.000000000000       5.778271770557251E-005  0.000000000000000E+000
   211.000000000000       5.750886596289207E-005  0.000000000000000E+000
   212.000000000000       5.723759772721805E-005  0.000000000000000E+000
   213.000000000000       5.696887661112782E-005  0.000000000000000E+000
   214.000000000000       5.670266690733751E-005  0.000000000000000E+000
   215.000000000000       5.643893357288477E-005  0.000000000000000E+000
   216.000000000000       5.617764221375105E-005  0.000000000000000E+000
   217.000000000000       5.591875906990888E-005  0.000000000000000E+000
   218.000000000000       5.566225100078086E-005  0.000000000000000E+000
   219.000000000000       5.540808547109692E-005  0.000000000000000E+000
   220.000000000000       5.515623053713739E-005  0.000000000000000E+000
   221.000000000000       5.490665483334944E-005  0.000000000000000E+000
   222.000000000000       5.465932755932535E-005  0.000000000000000E+000
   223.000000000000       5.441421846713106E-005  0.000000000000000E+000
   224.000000000000       5.417129784897422E-005  0.000000000000000E+000
   225.000000000000       5.393053652520101E-005  0.000000000000000E+000
   226.000000000000       5.369190583261162E-005  0.000000000000000E+000
   227.000000000000       5.345537761308470E-005  0.000000000000000E+000
   228.000000000000       5.322092420250100E-005  0.000000000000000E+000
   229.000000000000       5.298851841995732E-005  0.000000000000000E+000
   230.000000000000       5.275813355726185E-005  0.000000000000000E+000
   231.000000000000       5.252974336870228E-005  0.000000000000000E+000
   232.000000000000       5.230332206107856E-005  0.000000000000000E+000
   233.000000000000       5.207884428399239E-005  0.000000000000000E+000
   234.000000000000       5.185628512038559E-005  0.000000000000000E+000
   235.000000000000       5.163562007732011E-005  0.000000000000000E+000
   236.000000000000       5.141682507699248E-005  0.000000000000000E+000
   237.000000000000       5.119987644797564E-005  0.000000000000000E+000
   238.000000000000       5.098475091668162E-005  0.000000000000000E+000
   239.000000000000       5.077142559903860E-005  0.000000000000000E+000
   240.000000000000       5.055987799237594E-005  0.000000000000000E+000
   241.000000000000       5.035008596751131E-005  0.000000000000000E+000
   242.000000000000       5.014202776103399E-005  0.000000000000000E+000
   243.000000000000       4.993568196777871E-005  0.000000000000000E+000
   244.000000000000       4.973102753348453E-005  0.000000000000000E+000
   245.000000000000       4.952804374763358E-005  0.000000000000000E+000
   246.000000000000       4.932671023646434E-005  0.000000000000000E+000
   247.000000000000       4.912700695615476E-005  0.000000000000000E+000
   248.000000000000       4.892891418617027E-005  0.000000000000000E+000
   249.000000000000       4.873241252277199E-005  0.000000000000000E+000
   250.000000000000       4.853748287268091E-005  0.000000000000000E+000
   251.000000000000       4.834410644689334E-005  0.000000000000000E+000
   252.000000000000       4.815226475464375E-005  0.000000000000000E+000
   253.000000000000       4.796193959751078E-005  0.000000000000000E+000
   254.000000000000       4.777311306366231E-005  0.000000000000000E+000
   255.000000000000       4.758576752223618E-005  0.000000000000000E+000
   256.000000000000       4.739988561785245E-005  0.000000000000000E+000
   257.000000000000       4.721545026525380E-005  0.000000000000000E+000
   258.000000000000       4.703244464407065E-005  0.000000000000000E+000
   259.000000000000       4.685085219370744E-005  0.000000000000000E+000
   260.000000000000       4.667065660834702E-005  0.000000000000000E+000
   261.000000000000       4.649184183206983E-005  0.000000000000000E+000
   262.000000000000       4.631439205408483E-005  0.000000000000000E+000
   263.000000000000       4.613829170406930E-005  0.000000000000000E+000
   264.000000000000       4.596352544761450E-005  0.000000000000000E+000
   265.000000000000       4.579007818177444E-005  0.000000000000000E+000
   266.000000000000       4.561793503071514E-005  0.000000000000000E+000
   267.000000000000       4.544708134146152E-005  0.000000000000000E+000
   268.000000000000       4.527750267973965E-005  0.000000000000000E+000
   269.000000000000       4.510918482591163E-005  0.000000000000000E+000
   270.000000000000       4.494211377100084E-005  0.000000000000000E+000
   271.000000000000       4.477627571280527E-005  0.000000000000000E+000
   272.000000000000       4.461165705209642E-005  0.000000000000000E+000
   273.000000000000       4.444824438890193E-005  0.000000000000000E+000
   274.000000000000       4.428602451886944E-005  0.000000000000000E+000
   275.000000000000       4.412498442970992E-005  0.000000000000000E+000
   276.000000000000       4.396511129771821E-005  0.000000000000000E+000
   277.000000000000       4.380639248436905E-005  0.000000000000000E+000
   278.000000000000       4.364881553298642E-005  0.000000000000000E+000
   279.000000000000       4.349236816548468E-005  0.000000000000000E+000
   280.000000000000       4.333703827917938E-005  0.000000000000000E+000
   281.000000000000       4.318281394366629E-005  0.000000000000000E+000
   282.000000000000       4.302968339776676E-005  0.000000000000000E+000
   283.000000000000       4.287763504653790E-005  0.000000000000000E+000
   284.000000000000       4.272665745834587E-005  0.000000000000000E+000
   285.000000000000       4.257673936200080E-005  0.000000000000000E+000
   286.000000000000       4.242786964395184E-005  0.000000000000000E+000
   287.000000000000       4.228003734554086E-005  0.000000000000000E+000
   288.000000000000       4.213323166031329E-005  0.000000000000000E+000
   289.000000000000       4.198744193138487E-005  0.000000000000000E+000
   290.000000000000       4.184265764886285E-005  0.000000000000000E+000
   291.000000000000       4.169886844732036E-005  0.000000000000000E+000
   292.000000000000       4.155606410332269E-005  0.000000000000000E+000
   293.000000000000       4.141423453300418E-005  0.000000000000000E+000
   294.000000000000       4.127336978969465E-005  0.000000000000000E+000
   295.000000000000       4.113346006159399E-005  0.000000000000000E+000
   296.000000000000       4.099449566949401E-005  0.000000000000000E+000
   297.000000000000       4.085646706454622E-005  0.000000000000000E+000
   298.000000000000       4.071936482607458E-005  0.000000000000000E+000
   299.000000000000       4.058317965943220E-005  0.000000000000000E+000
   300.000000000000       4.044790239390075E-005  0.000000000000000E+000
   301.000000000000       4.031352398063198E-005  0.000000000000000E+000
   302.000000000000       4.018003549062989E-005  0.000000000000000E+000
   303.000000000000       4.004742811277303E-005  0.000000000000000E+000
   304.000000000000       3.991569315187575E-005  0.000000000000000E+000
   305.000000000000       3.978482202678763E-005  0.000000000000000E+000
   306.000000000000       3.965480626853015E-005  0.000000000000000E+000
   307.000000000000       3.952563751846980E-005  0.000000000000000E+000
   308.000000000000       3.939730752652671E-005  0.000000000000000E+000
   309.000000000000       3.926980814941821E-005  0.000000000000000E+000
   310.000000000000       3.914313134893622E-005  0.000000000000000E+000
   311.000000000000       3.901726919025796E-005  0.000000000000000E+000
   312.000000000000       3.889221384028918E-005  0.000000000000000E+000
