  0.000000000000000E+000  -2.29537142935645      -6.205644884194629E-018
  7.812500000000000E-003  -2.29581932290767      -9.135242835503694E-003
  1.562500000000000E-002  -2.29625390383971      -1.732509521235125E-002
  2.343750000000000E-002  -2.30173566940271      -2.692060202727474E-002
  3.125000000000000E-002  -2.30624725786485      -3.888127833657254E-002
  3.906250000000000E-002  -2.31709175958259      -5.825415915442705E-002
  4.687500000000000E-002  -2.28442188195231      -7.640662162995433E-002
  5.468750000000000E-002  -2.29558652644431      -7.452930404615921E-002
  6.250000000000000E-002  -2.30142363086598      -9.103823263267291E-002
  7.031250000000000E-002  -2.29952566898668      -0.105532592628079     
  7.812500000000000E-002  -2.29933426808199      -0.115637902761450     
  8.593750000000000E-002  -2.31297539939159      -0.126860896169122     
  9.375000000000000E-002  -2.32500485758546      -0.167787863825499     
  0.101562500000000       -2.29690042868699      -0.194635750008745     
  0.109375000000000       -2.29105327451232      -0.218473784612425     
  0.117187500000000       -2.24574827556641      -0.244799363465949     
  0.125000000000000       -2.20670122928276      -0.245031264687542     
  0.132812500000000       -2.19454416925730      -0.216253432974234     
  0.140625000000000       -2.18836058450513      -0.206990279585470     
  0.148437500000000       -2.19719725935219      -0.199579606885017     
  0.156250000000000       -2.20335695149309      -0.210435340767073     
  0.164062500000000       -2.18659491810652      -0.229874574612689     
  0.171875000000000       -2.15926852407151      -0.227910056588368     
  0.179687500000000       -2.13435091910555      -0.208681808296419     
  0.187500000000000       -2.12108651770746      -0.168043121212466     
  0.195312500000000       -2.14391621818221      -0.109275672819381     
  0.203125000000000       -2.20649334766280      -0.108208167973537     
  0.210937500000000       -2.23901700208156      -0.118369690338063     
  0.218750000000000       -2.26890143168296      -0.132942724818983     
  0.226562500000000       -2.29057639050962      -0.149183332709452     
  0.234375000000000       -2.31045410487587      -0.164149901597625     
  0.242187500000000       -2.33602579753069      -0.178033767453807     
  0.250000000000000       -2.36406144340757      -0.196754604672589     
  0.257812500000000       -2.40148853981968      -0.228270128023369     
  0.265625000000000       -2.41172914463755      -0.265212273357598     
  0.273437500000000       -2.43559073025736      -0.289020634806312     
  0.281250000000000       -2.48705507194044      -0.324800211888788     
  0.289062500000000       -2.51420916294298      -0.392756960635713     
  0.296875000000000       -2.55543501269538      -0.460367526737544     
  0.304687500000000       -2.62890397335276      -0.599398644418035     
  0.312500000000000       -2.53834018367146      -0.777468560001238     
  0.320312500000000       -2.44694496936331      -0.899816213367704     
  0.328125000000000       -2.29813837482192       -1.03920907660113     
  0.335937500000000       -2.06270578821143       -1.02741224302241     
  0.343750000000000       -1.92858986872058      -0.972875412691444     
  0.351562500000000       -1.81129405100655      -0.910881391830770     
  0.359375000000000       -1.71282243895893      -0.814376160462291     
  0.367187500000000       -1.65736690770382      -0.714101880460268     
  0.375000000000000       -1.62269541008417      -0.610612332290899     
  0.382812500000000       -1.61756052276083      -0.497763056753729     
  0.390625000000000       -1.67034300744337      -0.412052525257421     
  0.398437500000000       -1.71209297519261      -0.367293917370985     
  0.406250000000000       -1.74836451606186      -0.332849966297247     
  0.414062500000000       -1.78521956425838      -0.303359026411089     
  0.421875000000000       -1.82650211690624      -0.291165299398157     
  0.429687500000000       -1.85908761928866      -0.285885668097570     
  0.437500000000000       -1.88990254650299      -0.285281126735921     
  0.445312500000000       -1.92320290342405      -0.297250671247706     
  0.453125000000000       -1.93294402819028      -0.318020766608496     
  0.460937500000000       -1.93573851901111      -0.332454696095875     
  0.468750000000000       -1.93221777025004      -0.343751478229048     
  0.476562500000000       -1.92032548744949      -0.348965777126837     
  0.484375000000000       -1.91117735059556      -0.340756053599381     
  0.492187500000000       -1.90533041880044      -0.330040712792873     
  0.500000000000000       -1.90157160585849      -0.314646058994943     
  0.507812500000000       -1.90195050073917      -0.292121303638233     
  0.515625000000000       -1.92203496539789      -0.266410829128271     
  0.523437500000000       -1.94370878422068      -0.256865562473653     
  0.531250000000000       -1.96267196814292      -0.250253556440502     
  0.539062500000000       -1.98089112251222      -0.243842929181541     
  0.546875000000000       -2.00209880403655      -0.234027524640255     
  0.554687500000000       -2.03077635203175      -0.234904920580822     
  0.562500000000000       -2.05423179667862      -0.239217659078628     
  0.570312500000000       -2.07614194889263      -0.244014793399336     
  0.578125000000000       -2.09856244820096      -0.248382999986748     
  0.585937500000000       -2.12817812010285      -0.254011067182810     
  0.593750000000000       -2.15429231228775      -0.271353871250839     
  0.601562500000000       -2.17611346144130      -0.289291256301190     
  0.609375000000000       -2.19658523236558      -0.307792825335617     
  0.617187500000000       -2.21753253795802      -0.327598986586516     
  0.625000000000000       -2.24043585784308      -0.356114446417070     
  0.632812500000000       -2.25007762975557      -0.386175536332484     
  0.640625000000000       -2.25744345561481      -0.412684771672378     
  0.648437500000000       -2.26351728302092      -0.437462738900424     
  0.656250000000000       -2.26915396271248      -0.460550847671675     
  0.664062500000000       -2.27795884117203      -0.481300506940892     
  0.671875000000000       -2.28878656541899      -0.512067595360710     
  0.679687500000000       -2.29380430734528      -0.545252212569897     
  0.687500000000000       -2.29409090125914      -0.581060919139830     
  0.695312500000000       -2.28718783012202      -0.619309889510008     
  0.703125000000000       -2.26710846533849      -0.657600166911058     
  0.710937500000000       -2.23192038497641      -0.666537649735644     
  0.718750000000000       -2.22661283161601      -0.669795485294236     
  0.726562500000000       -2.22619973405131      -0.680133519121501     
  0.734375000000000       -2.22843422346328      -0.694200383307228     
  0.742187500000000       -2.23390187940392      -0.711564753798617     
  0.750000000000000       -2.24638401296609      -0.733722927650004     
  0.757812500000000       -2.26295176929246      -0.786596272053413     
  0.765625000000000       -2.24993466485710      -0.847653601850306     
  0.773437500000000       -2.21870692664356      -0.909999125333548     
  0.781250000000000       -2.16369405086094      -0.971295811960647     
  0.789062500000000       -2.07459573081218       -1.02084354952809     
  0.796875000000000       -1.93920565861747       -1.02614611677269     
  0.804687500000000       -1.84940784872181      -0.893925178734488     
  0.812500000000000       -1.86504169295225      -0.819530541610281     
  0.820312500000000       -1.88469344579520      -0.777836839167822     
  0.828125000000000       -1.90471704995345      -0.751494603597279     
  0.835937500000000       -1.92512701015635      -0.734462230861639     
  0.843750000000000       -1.94731608219877      -0.724665911740362     
  0.851562500000000       -1.97460345055608      -0.729520701964840     
  0.859375000000000       -1.98121100163720      -0.742473432593057     
  0.867187500000000       -1.98447380165731      -0.749605742522268     
  0.875000000000000       -1.98674691003817      -0.754458489462135     
  0.882812500000000       -1.98891783451153      -0.757650408670430     
  0.890625000000000       -1.99185579728252      -0.759240468094843     
  0.898437500000000       -1.99704102970667      -0.759088579213735     
  0.906250000000000       -2.00914299439815      -0.760201623302983     
  0.914062500000000       -2.02021091805654      -0.768250668299804     
  0.921875000000000       -2.02992148180702      -0.777602381524394     
  0.929687500000000       -2.03956997870765      -0.788003952556110     
  0.937500000000000       -2.04995000115420      -0.799776459662511     
  0.945312500000000       -2.06188757552029      -0.813740602498360     
  0.953125000000000       -2.07677196551652      -0.831942012534925     
  0.960937500000000       -2.09225129877066      -0.867246305029665     
  0.968750000000000       -2.08649577077378      -0.903385177051079     
  0.976562500000000       -2.07461690087337      -0.934378453488358     
  0.984375000000000       -2.05742607383556      -0.961718159960080     
  0.992187500000000       -2.03470607644348      -0.984685191673732     
   1.00000000000000       -2.00599818631269       -1.00114943852990     
   1.00781250000000       -1.97087676469808       -1.00658497193491     
   1.01562500000000       -1.92868607731846      -0.986284477289335     
   1.02343750000000       -1.94327335079032      -0.944376501578060     
   1.03125000000000       -1.96569403499666      -0.936278020571740     
   1.03906250000000       -1.98699974178225      -0.939772839618908     
   1.04687500000000       -2.00709145926486      -0.950843968855001     
   1.05468750000000       -2.02604270554919      -0.968118640698281     
   1.06250000000000       -2.04392944747580      -0.991382170244511     
   1.07031250000000       -2.06101629962744       -1.02162282888818     
   1.07812500000000       -2.07628229726619       -1.06937082690201     
   1.08593750000000       -2.06272930198345       -1.11536035181578     
   1.09375000000000       -2.04674543415414       -1.15216651841918     
   1.10156250000000       -2.02863563452515       -1.18563882986878     
   1.10937500000000       -2.00802215364832       -1.21712198461317     
   1.11718750000000       -1.98433683853905       -1.24688644579805     
   1.12500000000000       -1.95687218197409       -1.27445450532181     
   1.13281250000000       -1.92482045152611       -1.29827213075919     
   1.14062500000000       -1.88712093150636       -1.31284302677374     
   1.14843750000000       -1.86426749711262       -1.31861576137019     
   1.15625000000000       -1.84207389078342       -1.33196299969485     
   1.16406250000000       -1.81760655804582       -1.34700441284715     
   1.17187500000000       -1.79022566227821       -1.36206356894116     
   1.17968750000000       -1.75955325803423       -1.37581739701904     
   1.18750000000000       -1.72541275006781       -1.38680895210598     
   1.19531250000000       -1.68794028589401       -1.39310437377773     
   1.20312500000000       -1.64794572521351       -1.39146966686129     
   1.21093750000000       -1.61650715384679       -1.37407373326521     
   1.21875000000000       -1.59890235395891       -1.36677678534384     
   1.22656250000000       -1.57941504905449       -1.36455482850932     
   1.23437500000000       -1.55748394253482       -1.36390816496575     
   1.24218750000000       -1.53282271645705       -1.36299285359212     
   1.25000000000000       -1.50532485051768       -1.36017479162694     
   1.25781250000000       -1.47516086984973       -1.35359793648346     
   1.26562500000000       -1.44302855697670       -1.34080355485907     
   1.27343750000000       -1.41078719680323       -1.31770172192937     
   1.28125000000000       -1.39572716468615       -1.27541635229414     
   1.28906250000000       -1.40008812045072       -1.25260399984287     
   1.29687500000000       -1.40268174486126       -1.23832205924397     
   1.30468750000000       -1.40423016784809       -1.22823342244379     
   1.31250000000000       -1.40512216965293       -1.22084733073180     
   1.32031250000000       -1.40568899072171       -1.21546478665213     
   1.32812500000000       -1.40630203265720       -1.21180146549289     
   1.33593750000000       -1.40746613318213       -1.21001448756082     
   1.34375000000000       -1.40970285839993       -1.21132533082227     
   1.35156250000000       -1.41160282318549       -1.21773109423147     
   1.35937500000000       -1.40587438237580       -1.23119296502015     
   1.36718750000000       -1.39422385275609       -1.24085818667691     
   1.37500000000000       -1.37978672204795       -1.24841872852162     
   1.38281250000000       -1.36304405810410       -1.25396243219009     
   1.39062500000000       -1.34426775880049       -1.25724744317624     
   1.39843750000000       -1.32369280216541       -1.25783305511097     
   1.40625000000000       -1.30159624262837       -1.25506399761227     
   1.41406250000000       -1.27837487328412       -1.24794264630617     
   1.42187500000000       -1.25469095454066       -1.23466261644519     
   1.42968750000000       -1.23218973606423       -1.20857407342917     
   1.43750000000000       -1.23732534841470       -1.18255287148357     
   1.44531250000000       -1.24163831491647       -1.17000859343063     
   1.45312500000000       -1.24496261399317       -1.16216656030521     
   1.46093750000000       -1.24739980597837       -1.15738941382304     
   1.46875000000000       -1.24893002880832       -1.15495119462460     
   1.47656250000000       -1.24946084845831       -1.15442283911538     
   1.48437500000000       -1.24887848297131       -1.15545781574922     
   1.49218750000000       -1.24716505594797       -1.15770589553670     
   1.50000000000000       -1.24464579468516       -1.16091715409079     
   1.50781250000000       -1.24248961604554       -1.16576690160867     
   1.51562500000000       -1.23631705545123       -1.17842380415666     
   1.52343750000000       -1.22192520498062       -1.18661493529887     
   1.53125000000000       -1.20571652436581       -1.19171033659130     
   1.53906250000000       -1.18804098731374       -1.19443539336270     
   1.54687500000000       -1.16909419558539       -1.19486020660940     
   1.55468750000000       -1.14906174656369       -1.19283312991374     
   1.56250000000000       -1.12817329161050       -1.18806810912172     
   1.57031250000000       -1.10674897247025       -1.18016059854738     
   1.57812500000000       -1.08526419913803       -1.16856023428224     
   1.58593750000000       -1.06448247054176       -1.15244645444069     
   1.59375000000000       -1.04594875054465       -1.13004044657863     
   1.60156250000000       -1.04130839777831       -1.10283833479624     
   1.60937500000000       -1.03940798235075       -1.08643920380109     
   1.61718750000000       -1.03592339497076       -1.07221541619382     
   1.62500000000000       -1.03156194220227       -1.05851389366297     
   1.63281250000000       -1.02669363741067       -1.04456262621815     
   1.64062500000000       -1.02161473445857       -1.02983427215256     
   1.64843750000000       -1.01662476796837       -1.01387675926255     
   1.65625000000000       -1.01207543974187      -0.996228426697804     
   1.66406250000000       -1.00842978897396      -0.976334039167192     
   1.67187500000000       -1.00637818854753      -0.953382517398601     
   1.67968750000000       -1.00719576516591      -0.925765072945986     
   1.68750000000000       -1.01872483237688      -0.885955914151544     
   1.69531250000000       -1.05238699471579      -0.867033603495383     
   1.70312500000000       -1.07919890786970      -0.858943553511003     
   1.71093750000000       -1.10266825716764      -0.855538045816250     
   1.71875000000000       -1.12386108964820      -0.855239390778251     
   1.72656250000000       -1.14335284712044      -0.857349632681594     
   1.73437500000000       -1.16151827075054      -0.861533075273896     
   1.74218750000000       -1.17862893847408      -0.867663699908019     
   1.75000000000000       -1.19489729276409      -0.875782843434859     
   1.75781250000000       -1.21050033197213      -0.886123131914124     
   1.76562500000000       -1.22559307298167      -0.899233259656326     
   1.77343750000000       -1.24030710476825      -0.916442842858250     
   1.78125000000000       -1.25427207717357      -0.944597109721793     
   1.78906250000000       -1.24530812386666      -0.971070880407318     
   1.79687500000000       -1.23683148233220      -0.988450747407386     
   1.80468750000000       -1.22820620853568       -1.00254740143519     
   1.81250000000000       -1.21934018184059       -1.01454049247554     
   1.82031250000000       -1.21022021578730       -1.02495515803534     
   1.82812500000000       -1.20086485772049       -1.03408009173197     
   1.83593750000000       -1.19131248800816       -1.04209373523881     
   1.84375000000000       -1.18161912483357       -1.04911736539467     
   1.85156250000000       -1.17186136132011       -1.05524373982236     
   1.85937500000000       -1.16214549270382       -1.06055856447899     
   1.86718750000000       -1.15263133971214       -1.06516819667921     
   1.87500000000000       -1.14361719119923       -1.06927586472375     
   1.88281250000000       -1.13550639528002       -1.07438728448243     
   1.89062500000000       -1.12535556500508       -1.07994426899124     
   1.89843750000000       -1.11442765683260       -1.08463857729717     
   1.90625000000000       -1.10300131813227       -1.08860853362946     
   1.91406250000000       -1.09118774662397       -1.09189231576259     
   1.92187500000000       -1.07905907510122       -1.09450640431161     
   1.92968750000000       -1.06667441636909       -1.09646052294379     
   1.93750000000000       -1.05408964980987       -1.09776427503817     
   1.94531250000000       -1.04136274619009       -1.09843264039006     
   1.95312500000000       -1.02855800194458       -1.09849321036904     
   1.96093750000000       -1.01575115025943       -1.09799900102924     
   1.96875000000000       -1.00303859530437       -1.09705740025270     
   1.97656250000000      -0.990562949529619       -1.09592128601610     
   1.98437500000000      -0.978670862777995       -1.09587783514552     
   1.99218750000000      -0.962793813927348       -1.09610419394780     
   2.00000000000000      -0.946268088634941       -1.09387569461898     
   2.00781250000000      -0.929419085765024       -1.09002461991554     
   2.01562500000000      -0.912386502045258       -1.08466314447141     
   2.02343750000000      -0.895288191286655       -1.07779994335052     
   2.03125000000000      -0.878242593785880       -1.06940363826867     
   2.03906250000000      -0.861378300762583       -1.05942033278621     
   2.04687500000000      -0.844841220334823       -1.04777872956740     
   2.05468750000000      -0.828802773307568       -1.03438900600732     
   2.06250000000000      -0.813472383199038       -1.01913505216962     
   2.07031250000000      -0.799121002675848       -1.00185391830163     
   2.07812500000000      -0.786136136207807      -0.982280064749374     
   2.08593750000000      -0.775200503342178      -0.959847709868423     
   2.09375000000000      -0.769526922457712      -0.931706712808068     
   2.10156250000000      -0.774131728299429      -0.912392517593978     
   2.10937500000000      -0.775710592178442      -0.896926281759640     
   2.11718750000000      -0.776280613001566      -0.882646248362933     
   2.12500000000000      -0.776348790089718      -0.868907319316922     
   2.13281250000000      -0.776177968311235      -0.855397392046112     
   2.14062500000000      -0.775942037194784      -0.841928753558506     
   2.14843750000000      -0.775774925668871      -0.828372535541435     
   2.15625000000000      -0.775792408585005      -0.814630252899805     
   2.16406250000000      -0.776105012182920      -0.800617966132477     
   2.17187500000000      -0.776828768716240      -0.786254383588727     
   2.17968750000000      -0.778098529111581      -0.771447537211243     
   2.18750000000000      -0.780091596995851      -0.756072132362807     
   2.19531250000000      -0.783085697011570      -0.739913559406157     
   2.20312500000000      -0.787682097298743      -0.722444599430899     
   2.21093750000000      -0.798696745012302      -0.703708088096981     
   2.21875000000000      -0.811208013651455      -0.692840912403190     
   2.22656250000000      -0.821850709053916      -0.684030960870673     
   2.23437500000000      -0.831471231971925      -0.676330338306272     
   2.24218750000000      -0.840377906746917      -0.669399385213517     
   2.25000000000000      -0.848736491578425      -0.663060300479587     
   2.25781250000000      -0.856651118147157      -0.657205539344870     
   2.26562500000000      -0.864192564960281      -0.651765887680588     
   2.27343750000000      -0.871410533123884      -0.646696733521237     
   2.28125000000000      -0.878339359542424      -0.641971863456451     
   2.28906250000000      -0.885000175198704      -0.637581422750291     
   2.29687500000000      -0.891400165466604      -0.633533407966293     
   2.30468750000000      -0.897527727469398      -0.629860340294815     
   2.31250000000000      -0.903338059079839      -0.626638147249392     
   2.32031250000000      -0.908703762234272      -0.624049454715180     
   2.32812500000000      -0.913022913894098      -0.622875236125696     
   2.33593750000000      -0.913660385972125      -0.619580340628686     
   2.34375000000000      -0.915553750694876      -0.614393561108109     
   2.35156250000000      -0.918020547053628      -0.608603353490375     
   2.35937500000000      -0.920916543305053      -0.602421997085392     
   2.36718750000000      -0.924186388328812      -0.595947709407337     
   2.37500000000000      -0.927807105240169      -0.589237321819831     
   2.38281250000000      -0.931771916712220      -0.582327880687779     
   2.39062500000000      -0.936084140014114      -0.575245466785972     
   2.39843750000000      -0.940754801131016      -0.568009476006632     
   2.40625000000000      -0.945802157833592      -0.560634928897266     
   2.41406250000000      -0.951252730144157      -0.553133784764902     
   2.42187500000000      -0.957144285479098      -0.545515657361056     
   2.42968750000000      -0.963532554160315      -0.537788025705095     
   2.43750000000000      -0.970507384028203      -0.529955643839245     
   2.44531250000000      -0.978241832485109      -0.522017347776343     
   2.45312500000000      -0.987271752439307      -0.513942365203653     
   2.46093750000000      -0.998090809400295      -0.508487693896623     
   2.46875000000000       -1.00710673485754      -0.504036107035849     
   2.47656250000000       -1.01559665643106      -0.499547437917298     
   2.48437500000000       -1.02385685551763      -0.494982646460134     
   2.49218750000000       -1.03202818090506      -0.490322251008632     
   2.50000000000000       -1.04019997618269      -0.485553080410133     
   2.53125000000000       -1.07409497051117      -0.465179537807458     
   2.56250000000000       -1.11255944440173      -0.442064707454387     
   2.59375000000000       -1.16699968562998      -0.416424128562738     
   2.62500000000000       -1.22532897755545      -0.412044151474104     
   2.65625000000000       -1.27983758358159      -0.409135983231180     
   2.68750000000000       -1.33765502056950      -0.404563728569178     
   2.71875000000000       -1.40876887761329      -0.395100365682481     
   2.75000000000000       -1.51721123519093      -0.422830999628891     
   2.78125000000000       -1.59147239704415      -0.479446395964816     
   2.81250000000000       -1.65237010015611      -0.538057534586976     
   2.84375000000000       -1.70725416932855      -0.598531569706268     
   2.87500000000000       -1.76284068102832      -0.663295766318500     
   2.90625000000000       -1.80969356972819      -0.742801818429578     
   2.93750000000000       -1.84921354180745      -0.825087018809325     
   2.96875000000000       -1.88586499469968      -0.914593640270685     
   3.00000000000000       -1.92105729662286       -1.01939071295638     
   3.03125000000000       -1.93577479419200       -1.17770558763029     
   3.06250000000000       -1.86752618973144       -1.29413504757554     
   3.09375000000000       -1.80477507412875       -1.37880980906966     
   3.12500000000000       -1.74283621862411       -1.44746770211685     
   3.15625000000000       -1.68232493734097       -1.50329062232743     
   3.18750000000000       -1.62806905928600       -1.54762811523287     
   3.21875000000000       -1.57937127677316       -1.59873989945810     
   3.25000000000000       -1.52228613551427       -1.64681193996563     
   3.28125000000000       -1.46029263622252       -1.68936953371886     
   3.31250000000000       -1.39407241040163       -1.72564482552837     
   3.34375000000000       -1.32394925074897       -1.75544016309398     
   3.37500000000000       -1.24434194136821       -1.77827494920529     
   3.40625000000000       -1.16011319316520       -1.78158237525244     
   3.43750000000000       -1.07695915390031       -1.76635432851071     
   3.46875000000000      -0.998417393409668       -1.72888404988265     
   3.50000000000000      -0.931529800080152       -1.66176004749521     
   3.53125000000000      -0.896835160604883       -1.54121018915515     
   3.56250000000000       -1.00965316931560       -1.46309669759440     
   3.59375000000000       -1.08886251232757       -1.47479941807789     
   3.62500000000000       -1.14958463083357       -1.51206795366802     
   3.65625000000000       -1.19908825285434       -1.56902511346421     
   3.68750000000000       -1.24009904385998       -1.64844223483925     
   3.71875000000000       -1.27037121038389       -1.77168097581169     
   3.75000000000000       -1.19147177729959       -1.90250052482017     
   3.78125000000000       -1.11200467004845       -1.97472093878656     
   3.81250000000000       -1.03399394187743       -2.03085646390473     
   3.84375000000000      -0.955403973162390       -2.07734731558990     
   3.87500000000000      -0.875327683896901       -2.11739317957059     
   3.90625000000000      -0.792915369794208       -2.15469812329002     
   3.93750000000000      -0.692791424770996       -2.19285427584847     
   3.96875000000000      -0.581907553191058       -2.20737325958693     
   4.00000000000000      -0.469397024414335       -2.20481246899232     
   4.03125000000000      -0.356984385701859       -2.18541424802173     
   4.06250000000000      -0.247272679579704       -2.14834565788698     
   4.09375000000000      -0.144178331265015       -2.09229964871737     
   4.12500000000000      -5.781425017172230E-002  -2.01294299927295     
   4.15625000000000       4.130513254958151E-003  -1.94458587826174     
   4.18750000000000       6.865029264094993E-002  -1.87068542940107     
   4.21875000000000       0.127368260513750       -1.78563170203482     
   4.25000000000000       0.175752742607083       -1.68770194623565     
   4.28125000000000       0.208620770114756       -1.57543327983951     
   4.31250000000000       0.217657835967715       -1.44598642222829     
   4.34375000000000       0.161504182850778       -1.28719613848502     
   4.37500000000000       5.482122587494375E-002  -1.23591514128672     
   4.40625000000000      -1.616600681226240E-002  -1.21129417225345     
   4.43750000000000      -7.227250887283418E-002  -1.19711646146492     
   4.46875000000000      -0.119326942218689       -1.18904171049338     
   4.50000000000000      -0.160453731019290       -1.18483233979260     
   4.53125000000000      -0.198132833406280       -1.18274206201859     
   4.56250000000000      -0.236683118938590       -1.17964090503681     
   4.59375000000000      -0.288741194383908       -1.19274877157490     
   4.62500000000000      -0.326789862373030       -1.22074705741138     
   4.65625000000000      -0.356514446469215       -1.25464349439361     
   4.68750000000000      -0.379466921486996       -1.29419187976483     
   4.71875000000000      -0.395878068800369       -1.34028927638213     
   4.75000000000000      -0.404853330539738       -1.39518121481621     
   4.78125000000000      -0.403024496249310       -1.46452319245577     
   4.81250000000000      -0.353505305094047       -1.56615903903558     
   4.84375000000000      -0.259461900741210       -1.59491606568993     
   4.87500000000000      -0.182656553773822       -1.59731862933544     
   4.90625000000000      -0.115040928277892       -1.58451350863097     
   4.93750000000000      -5.529125713703673E-002  -1.55937873244950     
   4.96875000000000      -3.823401723517135E-003  -1.52287243525070     
   5.00000000000000       3.762223241548822E-002  -1.47481374542427     
   5.03125000000000       6.479536730498081E-002  -1.41317486607189     
   5.06250000000000       4.835836305494500E-002  -1.33337084839097     
   5.09375000000000       9.223221504895228E-003  -1.31236854172606     
   5.12500000000000      -1.406873724990204E-002  -1.30445806908512     
   5.15625000000000      -3.048120813733871E-002  -1.30219789336936     
   5.18750000000000      -4.254677186200469E-002  -1.30355648612490     
   5.21875000000000      -5.142116425221266E-002  -1.30766084454847     
   5.25000000000000      -5.769751442956726E-002  -1.31412906717999     
   5.28125000000000      -6.162371651988826E-002  -1.32292899685311     
   5.31250000000000      -6.291865120646015E-002  -1.33474403569098     
   5.34375000000000      -5.725129226316522E-002  -1.34702186990199     
   5.37500000000000      -5.096495029825357E-002  -1.35663657850502     
   5.40625000000000      -4.402761723793173E-002  -1.36637050401967     
   5.43750000000000      -3.617268915710294E-002  -1.37665353506651     
   5.46875000000000      -2.721723127283167E-002  -1.38774910278867     
   5.50000000000000      -1.694117776083266E-002  -1.39992582702048     
   5.53125000000000      -4.993340057758104E-003  -1.41356243277642     
   5.56250000000000       9.343864116292545E-003  -1.42937409056124     
   5.59375000000000       2.890508520713757E-002  -1.45002387180464     
   5.62500000000000       6.169143399418495E-002  -1.46101423135446     
   5.65625000000000       8.974957212587870E-002  -1.46594452310326     
   5.68750000000000       0.116479463983774       -1.46920760473328     
   5.71875000000000       0.142699416661437       -1.47155974304016     
   5.75000000000000       0.168882282565922       -1.47343089379505     
   5.78125000000000       0.195443215064052       -1.47518380626926     
   5.81250000000000       0.222892973583009       -1.47724443691384     
   5.84375000000000       0.252097172287575       -1.48030970649984     
   5.87500000000000       0.285451414818220       -1.48627527367575     
   5.90625000000000       0.335880960550817       -1.48545263072078     
   5.93750000000000       0.380504135113989       -1.46911801871717     
   5.96875000000000       0.420574644507928       -1.44813555134569     
   6.00000000000000       0.457259418483216       -1.42365008850255     
   6.03125000000000       0.490884809733480       -1.39612903684542     
   6.06250000000000       0.521472335623239       -1.36580997125823     
   6.09375000000000       0.548840988830122       -1.33280125931052     
   6.12500000000000       0.572571063329680       -1.29708622368557     
   6.15625000000000       0.591746621631508       -1.25840967280152     
   6.18750000000000       0.602854610485220       -1.21522775652773     
   6.21875000000000       0.601727001559386       -1.18461632964737     
   6.25000000000000       0.606326822759230       -1.15832834046057     
   6.28125000000000       0.611980707737870       -1.13253973906755     
   6.31250000000000       0.617674671355129       -1.10673442204694     
   6.34375000000000       0.622881978863700       -1.08067115965635     
   6.37500000000000       0.627217491133673       -1.05419625044992     
   6.40625000000000       0.630312471783804       -1.02717843411088     
   6.43750000000000       0.631710517527940      -0.999460216503394     
   6.46875000000000       0.630656985150713      -0.970765700787023     
   6.50000000000000       0.625067439783031      -0.940244716973142     
   6.53125000000000       0.608276841685928      -0.917717401059376     
   6.56250000000000       0.597738622310021      -0.903446878056536     
   6.59375000000000       0.590032302051964      -0.890577793666691     
   6.62500000000000       0.583983850113600      -0.878542449741974     
   6.65625000000000       0.579091647665646      -0.867095111768626     
   6.68750000000000       0.575077490042557      -0.856098222584376     
   6.71875000000000       0.571769533031838      -0.845466041923478     
   6.75000000000000       0.569059927720004      -0.835143895947652     
   6.78125000000000       0.566892012572298      -0.825101347159005     
   6.81250000000000       0.565277965592259      -0.815338859251823     
   6.84375000000000       0.564543121259763      -0.805990457896013     
   6.87500000000000       0.564756095119151      -0.795267258419798     
   6.90625000000000       0.564376158622536      -0.784273201889112     
   6.93750000000000       0.563813589076462      -0.773233417110877     
   6.96875000000000       0.563121410142785      -0.762176059758451     
   7.00000000000000       0.562305966114373      -0.751109139426308     
   7.03125000000000       0.561355705868620      -0.740033504379660     
   7.06250000000000       0.560247943777693      -0.728946307027336     
   7.09375000000000       0.558948606354635      -0.717841712524257     
   7.12500000000000       0.557405630868012      -0.706709709791776     
   7.15625000000000       0.555526037459453      -0.695530778472181     
   7.18750000000000       0.553051190614629      -0.684244796791077     
   7.21875000000000       0.549398212076909      -0.674095782233903     
   7.25000000000000       0.546566161741523      -0.664772890345771     
   7.28125000000000       0.544008522419886      -0.655548266279892     
   7.31250000000000       0.541563527632410      -0.646380451575666     
   7.34375000000000       0.539152796038760      -0.637250292490546     
   7.37500000000000       0.536723565103849      -0.628145742817619     
   7.40625000000000       0.534232589738104      -0.619057729171199     
   7.43750000000000       0.531638454929918      -0.609978308261519     
   7.46875000000000       0.528895146182565      -0.600899310177865     
   7.50000000000000       0.525942016708183      -0.591810428216310     
   7.53125000000000       0.522676468368101      -0.582694115782471     
   7.56250000000000       0.518778186682231      -0.573491619275526     
   7.59375000000000       0.514105727492192      -0.565671801332862     
   7.62500000000000       0.510187252667018      -0.558249324776931     
   7.65625000000000       0.506453811460994      -0.550884377178240     
   7.68750000000000       0.502769888724151      -0.543548819568871     
   7.71875000000000       0.499055798909446      -0.536226185792780     
   7.75000000000000       0.495246416359865      -0.528903158589831     
   7.78125000000000       0.491276389474491      -0.521566489170455     
   7.81250000000000       0.487069457806156      -0.514200740653520     
   7.84375000000000       0.482524504502136      -0.506785296036353     
   7.87500000000000       0.477488654842007      -0.499288505634432     
   7.90625000000000       0.471686799272370      -0.491652144753681     
   7.93750000000000       0.464426869417831      -0.483725426735845     
   7.96875000000000       0.452592168912307      -0.478295428257873     
   8.00000000000000       0.443827136381664      -0.477940427915668     
   8.03125000000000       0.437128641511312      -0.478047359185964     
   8.06250000000000       0.431690448090082      -0.478433854085514     
   8.09375000000000       0.427225365757854      -0.479036379053855     
   8.12500000000000       0.423595455522785      -0.479825454243579     
   8.15625000000000       0.420733069115992      -0.480787668491047     
   8.18750000000000       0.418615582812866      -0.481920004868488     
   8.21875000000000       0.417259049146846      -0.483228525984735     
   8.25000000000000       0.416724345409646      -0.484729994615736     
   8.28125000000000       0.417141421486634      -0.486457826472104     
   8.31250000000000       0.418782148490887      -0.488479732648328     
   8.34375000000000       0.422364958932572      -0.490970992149920     
   8.37500000000000       0.431509262033677      -0.491279709319056     
   8.40625000000000       0.437964045300238      -0.485572269244252     
   8.43750000000000       0.442374406507984      -0.479359840129629     
   8.46875000000000       0.445689813057358      -0.472878194862290     
   8.50000000000000       0.448241132693455      -0.466212411985913     
   8.53125000000000       0.450194570892864      -0.459406949209259     
   8.56250000000000       0.451646106041269      -0.452488849004889     
   8.59375000000000       0.452654216766587      -0.445475908882527     
   8.62500000000000       0.453253764407689      -0.438380251383706     
   8.65625000000000       0.453461971244730      -0.431210002304354     
   8.68750000000000       0.453279577056755      -0.423969911487550     
   8.71875000000000       0.452686356413180      -0.416660933521687     
   8.75000000000000       0.451622156429182      -0.409277428696105     
   8.78125000000000       0.449880229482935      -0.401790192607504     
   8.81250000000000       0.447053399224856      -0.395290045398586     
   8.84375000000000       0.444835153211671      -0.389401562845078     
   8.87500000000000       0.442722327858503      -0.383538346713435     
   8.90625000000000       0.440581953157580      -0.377679350699158     
   8.93750000000000       0.438351701928335      -0.371815493046908     
   8.96875000000000       0.435989351527524      -0.365941203962324     
   9.00000000000000       0.433458795547973      -0.360052109662311     
   9.03125000000000       0.430723466639944      -0.354143982521798     
   9.06250000000000       0.427741364360336      -0.348211993606689     
   9.09375000000000       0.424459203494560      -0.342249873668405     
   9.12500000000000       0.420802945346229      -0.336248576315304     
   9.15625000000000       0.416658574768011      -0.330193551320072     
   9.18750000000000       0.411822645306718      -0.324057638909546     
   9.21875000000000       0.405812027303574      -0.317773270850961     
   9.25000000000000       0.396163133830115      -0.312921007344637     
   9.28125000000000       0.388584738952323      -0.312692321163071     
   9.31250000000000       0.382773812025050      -0.312724547343498     
   9.34375000000000       0.377921932700518      -0.312896933790996     
   9.37500000000000       0.373759778373796      -0.313169933135987     
   9.40625000000000       0.370153009935624      -0.313524239325953     
   9.43750000000000       0.367024668288869      -0.313949140709414     
   9.46875000000000       0.364329089871232      -0.314438633192939     
   9.50000000000000       0.362041220402766      -0.314989852585572     
   9.53125000000000       0.360152386863909      -0.315602487466204     
   9.56250000000000       0.358669980584034      -0.316278801819453     
   9.59375000000000       0.357621149999244      -0.317024308119213     
   9.62500000000000       0.357063602123403      -0.317849622263986     
   9.65625000000000       0.357115571279091      -0.318775524371460     
   9.68750000000000       0.358067393768878      -0.319851643008247     
   9.71875000000000       0.361609651497750      -0.320457662576862     
   9.75000000000000       0.364358137374742      -0.317465293817036     
   9.78125000000000       0.365864661848808      -0.314261712025906     
   9.81250000000000       0.366789206057133      -0.310959520125584     
   9.84375000000000       0.367328177045310      -0.307593265258789     
   9.87500000000000       0.367575771878664      -0.304180056388686     
   9.90625000000000       0.367585045196958      -0.300729936585408     
   9.93750000000000       0.367387831884667      -0.297249309839523     
   9.96875000000000       0.367003038898216      -0.293742394981846     
   10.0000000000000       0.366440418766771      -0.290211915828266     
   10.0312500000000       0.365702063722227      -0.286659416523072     
   10.0625000000000       0.364782261713468      -0.283085327359061     
   10.0937500000000       0.363665407659591      -0.279488764119334     
   10.1250000000000       0.362320151250810      -0.275866843778319     
   10.1562500000000       0.360682780627252      -0.272212637603955     
   10.1875000000000       0.358590312936716      -0.268506717811050     
   10.2187500000000       0.355246241227337      -0.265362521126454     
   10.2500000000000       0.352621449725602      -0.263661776327330     
   10.2812500000000       0.350514707160777      -0.262031022770743     
   10.3125000000000       0.348675198144073      -0.260437223627245     
   10.3437500000000       0.347017214856408      -0.258869039199261     
   10.3750000000000       0.345497137491051      -0.257320676905295     
   10.4062500000000       0.344088881152403      -0.255788660873746     
   10.4375000000000       0.342775417082786      -0.254270714425219     
   10.4687500000000       0.341545059427653      -0.252765269810636     
   10.5000000000000       0.340389608428849      -0.251271222525141     
   10.5312500000000       0.339303361079034      -0.249787799884094     
   10.5625000000000       0.338282603293941      -0.248314492788447     
   10.5937500000000       0.337325446347202      -0.246851032108104     
   10.6250000000000       0.336432041080833      -0.245397412881554     
   10.6562500000000       0.335605499200338      -0.243954006005065     
   10.6875000000000       0.334854996402602      -0.242521936272557     
   10.7187500000000       0.334212545817694      -0.241105114192223     
   10.7500000000000       0.333735115587833      -0.239532645542635     
   10.7812500000000       0.333162054231005      -0.237872075660904     
   10.8125000000000       0.332574083001007      -0.236211350518874     
   10.8437500000000       0.331991029675478      -0.234552951940105     
   10.8750000000000       0.331421593196582      -0.232897999140622     
   10.9062500000000       0.330871172265962      -0.231247208164309     
   10.9375000000000       0.330343955353924      -0.229601152098892     
   10.9687500000000       0.329843796506347      -0.227960372746398     
   11.0000000000000       0.329374728189893      -0.226325448473373     
   11.0312500000000       0.328941380605616      -0.224697052152000     
   11.0625000000000       0.328549445271023      -0.223076017496870     
   11.0937500000000       0.328206314066950      -0.221463432424273     
   11.1250000000000       0.327922104046956      -0.219860790403408     
   11.1562500000000       0.327711518652141      -0.218270267010563     
   11.1875000000000       0.327597727098125      -0.216695298787421     
   11.2187500000000       0.327622204177516      -0.215142056797277     
   11.2500000000000       0.327880512411233      -0.213624825306702     
   11.2812500000000       0.328908868325490      -0.211935292931855     
   11.3125000000000       0.329614816269842      -0.209101711865866     
   11.3437500000000       0.329876646425947      -0.206199781314748     
   11.3750000000000       0.329904353278069      -0.203263004929955     
   11.4062500000000       0.329760971691156      -0.200302050630775     
   11.4375000000000       0.329476823675372      -0.197322422233278     
   11.4687500000000       0.329068905324217      -0.194327508914378     
   11.5000000000000       0.328547225435129      -0.191319600694362     
   11.5312500000000       0.327917454434799      -0.188300325479961     
   11.5625000000000       0.327182150140807      -0.185270864094933     
   11.5937500000000       0.326341293187991      -0.182232061169441     
   11.6250000000000       0.325392390527430      -0.179184476815803     
   11.6562500000000       0.324330199475231      -0.176128394677524     
   11.6875000000000       0.323145968716500      -0.173063784044211     
   11.7187500000000       0.321825851160112      -0.169990191857337     
   11.7500000000000       0.320347548655596      -0.166906491142833     
   11.7812500000000       0.318672270625808      -0.163810250628993     
   11.8125000000000       0.316719672254416      -0.160695714980869     
   11.8437500000000       0.314206782135248      -0.157540483747956     
   11.8750000000000       0.311110006090064      -0.155723216101912     
   11.9062500000000       0.308845893999708      -0.154224153486619     
   11.9375000000000       0.306855666736028      -0.152750810647321     
   11.9687500000000       0.305030970353297      -0.151293675072120     
   12.0000000000000       0.303323323422490      -0.149848442231720     
   13.0000000000000       0.279990760082299       0.000000000000000E+000
   14.0000000000000       0.259991420076420       0.000000000000000E+000
   15.0000000000000       0.242658658737992       0.000000000000000E+000
   16.0000000000000       0.227492492566868       0.000000000000000E+000
   17.0000000000000       0.214110581239405       0.000000000000000E+000
   18.0000000000000       0.202215548948327       0.000000000000000E+000
   19.0000000000000       0.191572625319467       0.000000000000000E+000
   20.0000000000000       0.181993994053494       0.000000000000000E+000
   21.0000000000000       0.173327613384280       0.000000000000000E+000
   22.0000000000000       0.165449085503176       0.000000000000000E+000
   23.0000000000000       0.158255647003038       0.000000000000000E+000
   24.0000000000000       0.151661661711245       0.000000000000000E+000
   25.0000000000000       0.145595195242795       0.000000000000000E+000
   26.0000000000000       0.139995380041149       0.000000000000000E+000
   27.0000000000000       0.134810365965551       0.000000000000000E+000
   28.0000000000000       0.129995710038210       0.000000000000000E+000
   29.0000000000000       0.125513099347237       0.000000000000000E+000
   30.0000000000000       0.121329329368996       0.000000000000000E+000
   31.0000000000000       0.117415480034512       0.000000000000000E+000
   32.0000000000000       0.113746246283434       0.000000000000000E+000
   33.0000000000000       0.110299390335451       0.000000000000000E+000
   34.0000000000000       0.107055290619702       0.000000000000000E+000
   35.0000000000000       0.103996568030568       0.000000000000000E+000
   36.0000000000000       0.101107774474163       0.000000000000000E+000
   37.0000000000000       9.837513192080757E-002  0.000000000000000E+000
   38.0000000000000       9.578631265973370E-002  0.000000000000000E+000
   39.0000000000000       9.333025336076615E-002  0.000000000000000E+000
   40.0000000000000       9.099699702674700E-002  0.000000000000000E+000
   41.0000000000000       8.877755807487513E-002  0.000000000000000E+000
   42.0000000000000       8.666380669214001E-002  0.000000000000000E+000
   43.0000000000000       8.464836932720651E-002  0.000000000000000E+000
   44.0000000000000       8.272454275158819E-002  0.000000000000000E+000
   45.0000000000000       8.088621957933068E-002  0.000000000000000E+000
   46.0000000000000       7.912782350151913E-002  0.000000000000000E+000
   47.0000000000000       7.744425278872086E-002  0.000000000000000E+000
   48.0000000000000       7.583083085562251E-002  0.000000000000000E+000
   49.0000000000000       7.428326287897714E-002  0.000000000000000E+000
   50.0000000000000       7.279759762139761E-002  0.000000000000000E+000
   51.0000000000000       7.137019374646825E-002  0.000000000000000E+000
   52.0000000000000       6.999769002057463E-002  0.000000000000000E+000
   53.0000000000000       6.867697888811095E-002  0.000000000000000E+000
   54.0000000000000       6.740518298277556E-002  0.000000000000000E+000
   55.0000000000000       6.617963420127056E-002  0.000000000000000E+000
   56.0000000000000       6.499785501910500E-002  0.000000000000000E+000
   57.0000000000000       6.385754177315579E-002  0.000000000000000E+000
   58.0000000000000       6.275654967361863E-002  0.000000000000000E+000
   59.0000000000000       6.169287934016746E-002  0.000000000000000E+000
   60.0000000000000       6.066466468449801E-002  0.000000000000000E+000
   61.0000000000000       5.967016198475213E-002  0.000000000000000E+000
   62.0000000000000       5.870774001725614E-002  0.000000000000000E+000
   63.0000000000000       5.777587112809333E-002  0.000000000000000E+000
   64.0000000000000       5.687312314171688E-002  0.000000000000000E+000
   65.0000000000000       5.599815201645970E-002  0.000000000000000E+000
   66.0000000000000       5.514969516772546E-002  0.000000000000000E+000
   67.0000000000000       5.432656538910269E-002  0.000000000000000E+000
   68.0000000000000       5.352764530985118E-002  0.000000000000000E+000
   69.0000000000000       5.275188233434609E-002  0.000000000000000E+000
   70.0000000000000       5.199828401528400E-002  0.000000000000000E+000
   71.0000000000000       5.126591381788564E-002  0.000000000000000E+000
   72.0000000000000       5.055388723708167E-002  0.000000000000000E+000
   73.0000000000000       4.986136823383398E-002  0.000000000000000E+000
   74.0000000000000       4.918756596040379E-002  0.000000000000000E+000
   75.0000000000000       4.853173174759840E-002  0.000000000000000E+000
   76.0000000000000       4.789315632986685E-002  0.000000000000000E+000
   77.0000000000000       4.727116728662182E-002  0.000000000000000E+000
   78.0000000000000       4.666512668038308E-002  0.000000000000000E+000
   79.0000000000000       4.607442887430228E-002  0.000000000000000E+000
   80.0000000000000       4.549849851337350E-002  0.000000000000000E+000
   81.0000000000000       4.493678865518370E-002  0.000000000000000E+000
   82.0000000000000       4.438877903743756E-002  0.000000000000000E+000
   83.0000000000000       4.385397447072145E-002  0.000000000000000E+000
   84.0000000000000       4.333190334607000E-002  0.000000000000000E+000
   85.0000000000000       4.282211624788095E-002  0.000000000000000E+000
   86.0000000000000       4.232418466360326E-002  0.000000000000000E+000
   87.0000000000000       4.183769978241242E-002  0.000000000000000E+000
   88.0000000000000       4.136227137579410E-002  0.000000000000000E+000
   89.0000000000000       4.089752675359416E-002  0.000000000000000E+000
   90.0000000000000       4.044310978966534E-002  0.000000000000000E+000
   91.0000000000000       3.999868001175692E-002  0.000000000000000E+000
   92.0000000000000       3.956391175075957E-002  0.000000000000000E+000
   93.0000000000000       3.913849334483742E-002  0.000000000000000E+000
   94.0000000000000       3.872212639436043E-002  0.000000000000000E+000
   95.0000000000000       3.831452506389348E-002  0.000000000000000E+000
   96.0000000000000       3.791541542781125E-002  0.000000000000000E+000
   97.0000000000000       3.752453485639052E-002  0.000000000000000E+000
   98.0000000000000       3.714163143948857E-002  0.000000000000000E+000
   99.0000000000000       3.676646344515030E-002  0.000000000000000E+000
   100.000000000000       3.639879881069880E-002  0.000000000000000E+000
   101.000000000000       3.603841466405822E-002  0.000000000000000E+000
   102.000000000000       3.568509687323412E-002  0.000000000000000E+000
   103.000000000000       3.533863962203767E-002  0.000000000000000E+000
   104.000000000000       3.499884501028731E-002  0.000000000000000E+000
   105.000000000000       3.466552267685600E-002  0.000000000000000E+000
   106.000000000000       3.433848944405547E-002  0.000000000000000E+000
   107.000000000000       3.401756898196150E-002  0.000000000000000E+000
   108.000000000000       3.370259149138778E-002  0.000000000000000E+000
   109.000000000000       3.339339340431083E-002  0.000000000000000E+000
   110.000000000000       3.308981710063528E-002  0.000000000000000E+000
   111.000000000000       3.279171064026919E-002  0.000000000000000E+000
   112.000000000000       3.249892750955250E-002  0.000000000000000E+000
   113.000000000000       3.221132638114938E-002  0.000000000000000E+000
   114.000000000000       3.192877088657790E-002  0.000000000000000E+000
   115.000000000000       3.165112940060765E-002  0.000000000000000E+000
   116.000000000000       3.137827483680931E-002  0.000000000000000E+000
   117.000000000000       3.111008445358872E-002  0.000000000000000E+000
   118.000000000000       3.084643967008373E-002  0.000000000000000E+000
   119.000000000000       3.058722589134353E-002  0.000000000000000E+000
   120.000000000000       3.033233234224900E-002  0.000000000000000E+000
   121.000000000000       3.008165190966843E-002  0.000000000000000E+000
   122.000000000000       2.983508099237607E-002  0.000000000000000E+000
   123.000000000000       2.959251935829171E-002  0.000000000000000E+000
   124.000000000000       2.935387000862807E-002  0.000000000000000E+000
   125.000000000000       2.911903904855904E-002  0.000000000000000E+000
   126.000000000000       2.888793556404667E-002  0.000000000000000E+000
   127.000000000000       2.866047150448725E-002  0.000000000000000E+000
   128.000000000000       2.843656157085844E-002  0.000000000000000E+000
   129.000000000000       2.821612310906884E-002  0.000000000000000E+000
   130.000000000000       2.799907600822985E-002  0.000000000000000E+000
   131.000000000000       2.778534260358687E-002  0.000000000000000E+000
   132.000000000000       2.757484758386273E-002  0.000000000000000E+000
   133.000000000000       2.736751790278106E-002  0.000000000000000E+000
   134.000000000000       2.716328269455134E-002  0.000000000000000E+000
   135.000000000000       2.696207319311023E-002  0.000000000000000E+000
   136.000000000000       2.676382265492559E-002  0.000000000000000E+000
   137.000000000000       2.656846628518161E-002  0.000000000000000E+000
   138.000000000000       2.637594116717305E-002  0.000000000000000E+000
   139.000000000000       2.618618619474734E-002  0.000000000000000E+000
   140.000000000000       2.599914200764200E-002  0.000000000000000E+000
   141.000000000000       2.581475092957362E-002  0.000000000000000E+000
   142.000000000000       2.563295690894282E-002  0.000000000000000E+000
   143.000000000000       2.545370546202714E-002  0.000000000000000E+000
   144.000000000000       2.527694361854084E-002  0.000000000000000E+000
   145.000000000000       2.510261986944745E-002  0.000000000000000E+000
   146.000000000000       2.493068411691699E-002  0.000000000000000E+000
   147.000000000000       2.476108762632571E-002  0.000000000000000E+000
   148.000000000000       2.459378298020189E-002  0.000000000000000E+000
   149.000000000000       2.442872403402604E-002  0.000000000000000E+000
   150.000000000000       2.426586587379920E-002  0.000000000000000E+000
   151.000000000000       2.410516477529722E-002  0.000000000000000E+000
   152.000000000000       2.394657816493342E-002  0.000000000000000E+000
   153.000000000000       2.379006458215608E-002  0.000000000000000E+000
   154.000000000000       2.363558364331091E-002  0.000000000000000E+000
   155.000000000000       2.348309600690245E-002  0.000000000000000E+000
   156.000000000000       2.333256334019154E-002  0.000000000000000E+000
   157.000000000000       2.318394828706930E-002  0.000000000000000E+000
   158.000000000000       2.303721443715114E-002  0.000000000000000E+000
   159.000000000000       2.289232629603698E-002  0.000000000000000E+000
   160.000000000000       2.274924925668675E-002  0.000000000000000E+000
   161.000000000000       2.260794957186261E-002  0.000000000000000E+000
   162.000000000000       2.246839432759185E-002  0.000000000000000E+000
   163.000000000000       2.233055141760663E-002  0.000000000000000E+000
   164.000000000000       2.219438951871878E-002  0.000000000000000E+000
   165.000000000000       2.205987806709018E-002  0.000000000000000E+000
   166.000000000000       2.192698723536073E-002  0.000000000000000E+000
   167.000000000000       2.179568791059808E-002  0.000000000000000E+000
   168.000000000000       2.166595167303500E-002  0.000000000000000E+000
   169.000000000000       2.153775077556142E-002  0.000000000000000E+000
   170.000000000000       2.141105812394047E-002  0.000000000000000E+000
   171.000000000000       2.128584725771860E-002  0.000000000000000E+000
   172.000000000000       2.116209233180163E-002  0.000000000000000E+000
   173.000000000000       2.103976809866983E-002  0.000000000000000E+000
   174.000000000000       2.091884989120621E-002  0.000000000000000E+000
   175.000000000000       2.079931360611360E-002  0.000000000000000E+000
   176.000000000000       2.068113568789705E-002  0.000000000000000E+000
   177.000000000000       2.056429311338915E-002  0.000000000000000E+000
   178.000000000000       2.044876337679708E-002  0.000000000000000E+000
   179.000000000000       2.033452447525073E-002  0.000000000000000E+000
   180.000000000000       2.022155489483267E-002  0.000000000000000E+000
   181.000000000000       2.010983359707116E-002  0.000000000000000E+000
   182.000000000000       1.999934000587846E-002  0.000000000000000E+000
   183.000000000000       1.989005399491738E-002  0.000000000000000E+000
   184.000000000000       1.978195587537978E-002  0.000000000000000E+000
   185.000000000000       1.967502638416151E-002  0.000000000000000E+000
   186.000000000000       1.956924667241871E-002  0.000000000000000E+000
   187.000000000000       1.946459829449134E-002  0.000000000000000E+000
   188.000000000000       1.936106319718021E-002  0.000000000000000E+000
   189.000000000000       1.925862370936444E-002  0.000000000000000E+000
   190.000000000000       1.915726253194674E-002  0.000000000000000E+000
   191.000000000000       1.905696272811455E-002  0.000000000000000E+000
   192.000000000000       1.895770771390563E-002  0.000000000000000E+000
   193.000000000000       1.885948124906674E-002  0.000000000000000E+000
   194.000000000000       1.876226742819526E-002  0.000000000000000E+000
   195.000000000000       1.866605067215323E-002  0.000000000000000E+000
   196.000000000000       1.857081571974429E-002  0.000000000000000E+000
   197.000000000000       1.847654761964406E-002  0.000000000000000E+000
   198.000000000000       1.838323172257515E-002  0.000000000000000E+000
   199.000000000000       1.829085367371799E-002  0.000000000000000E+000
   200.000000000000       1.819939940534940E-002  0.000000000000000E+000
   201.000000000000       1.810885512970090E-002  0.000000000000000E+000
   202.000000000000       1.801920733202911E-002  0.000000000000000E+000
   203.000000000000       1.793044276389104E-002  0.000000000000000E+000
   204.000000000000       1.784254843661706E-002  0.000000000000000E+000
   205.000000000000       1.775551161497502E-002  0.000000000000000E+000
   206.000000000000       1.766931981101883E-002  0.000000000000000E+000
   207.000000000000       1.758396077811536E-002  0.000000000000000E+000
   208.000000000000       1.749942250514366E-002  0.000000000000000E+000
   209.000000000000       1.741569321086067E-002  0.000000000000000E+000
   210.000000000000       1.733276133842800E-002  0.000000000000000E+000
   211.000000000000       1.725061555009422E-002  0.000000000000000E+000
   212.000000000000       1.716924472202774E-002  0.000000000000000E+000
   213.000000000000       1.708863793929521E-002  0.000000000000000E+000
   214.000000000000       1.700878449098075E-002  0.000000000000000E+000
   215.000000000000       1.692967386544130E-002  0.000000000000000E+000
   216.000000000000       1.685129574569389E-002  0.000000000000000E+000
   217.000000000000       1.677364000493032E-002  0.000000000000000E+000
   218.000000000000       1.669669670215541E-002  0.000000000000000E+000
   219.000000000000       1.662045607794466E-002  0.000000000000000E+000
   220.000000000000       1.654490855031764E-002  0.000000000000000E+000
   221.000000000000       1.647004471072344E-002  0.000000000000000E+000
   222.000000000000       1.639585532013460E-002  0.000000000000000E+000
   223.000000000000       1.632233130524610E-002  0.000000000000000E+000
   224.000000000000       1.624946375477625E-002  0.000000000000000E+000
   225.000000000000       1.617724391586613E-002  0.000000000000000E+000
   226.000000000000       1.610566319057469E-002  0.000000000000000E+000
   227.000000000000       1.603471313246643E-002  0.000000000000000E+000
   228.000000000000       1.596438544328895E-002  0.000000000000000E+000
   229.000000000000       1.589467196973747E-002  0.000000000000000E+000
   230.000000000000       1.582556470030383E-002  0.000000000000000E+000
   231.000000000000       1.575705576220728E-002  0.000000000000000E+000
   232.000000000000       1.568913741840466E-002  0.000000000000000E+000
   233.000000000000       1.562180206467760E-002  0.000000000000000E+000
   234.000000000000       1.555504222679436E-002  0.000000000000000E+000
   235.000000000000       1.548885055774417E-002  0.000000000000000E+000
   236.000000000000       1.542321983504187E-002  0.000000000000000E+000
   237.000000000000       1.535814295810076E-002  0.000000000000000E+000
   238.000000000000       1.529361294567177E-002  0.000000000000000E+000
   239.000000000000       1.522962293334678E-002  0.000000000000000E+000
   240.000000000000       1.516616617112450E-002  0.000000000000000E+000
   241.000000000000       1.510323602103685E-002  0.000000000000000E+000
   242.000000000000       1.504082595483422E-002  0.000000000000000E+000
   243.000000000000       1.497892955172790E-002  0.000000000000000E+000
   244.000000000000       1.491754049618803E-002  0.000000000000000E+000
   245.000000000000       1.485665257579543E-002  0.000000000000000E+000
   246.000000000000       1.479625967914585E-002  0.000000000000000E+000
   247.000000000000       1.473635579380518E-002  0.000000000000000E+000
   248.000000000000       1.467693500431403E-002  0.000000000000000E+000
   249.000000000000       1.461799149024048E-002  0.000000000000000E+000
   250.000000000000       1.455951952427952E-002  0.000000000000000E+000
   251.000000000000       1.450151347039793E-002  0.000000000000000E+000
   252.000000000000       1.444396778202333E-002  0.000000000000000E+000
   253.000000000000       1.438687700027621E-002  0.000000000000000E+000
   254.000000000000       1.433023575224362E-002  0.000000000000000E+000
   255.000000000000       1.427403874929365E-002  0.000000000000000E+000
   256.000000000000       1.421828078542922E-002  0.000000000000000E+000
   257.000000000000       1.416295673568047E-002  0.000000000000000E+000
   258.000000000000       1.410806155453442E-002  0.000000000000000E+000
   259.000000000000       1.405359027440108E-002  0.000000000000000E+000
   260.000000000000       1.399953800411492E-002  0.000000000000000E+000
   261.000000000000       1.394589992747081E-002  0.000000000000000E+000
   262.000000000000       1.389267130179344E-002  0.000000000000000E+000
   263.000000000000       1.383984745653947E-002  0.000000000000000E+000
   264.000000000000       1.378742379193136E-002  0.000000000000000E+000
   265.000000000000       1.373539577762219E-002  0.000000000000000E+000
   266.000000000000       1.368375895139053E-002  0.000000000000000E+000
   267.000000000000       1.363250891786472E-002  0.000000000000000E+000
   268.000000000000       1.358164134727567E-002  0.000000000000000E+000
   269.000000000000       1.353115197423747E-002  0.000000000000000E+000
   270.000000000000       1.348103659655511E-002  0.000000000000000E+000
   271.000000000000       1.343129107405860E-002  0.000000000000000E+000
   272.000000000000       1.338191132746279E-002  0.000000000000000E+000
   273.000000000000       1.333289333725231E-002  0.000000000000000E+000
   274.000000000000       1.328423314259080E-002  0.000000000000000E+000
   275.000000000000       1.323592684025411E-002  0.000000000000000E+000
   276.000000000000       1.318797058358652E-002  0.000000000000000E+000
   277.000000000000       1.314036058147971E-002  0.000000000000000E+000
   278.000000000000       1.309309309737367E-002  0.000000000000000E+000
   279.000000000000       1.304616444827914E-002  0.000000000000000E+000
   280.000000000000       1.299957100382100E-002  0.000000000000000E+000
   281.000000000000       1.295330918530207E-002  0.000000000000000E+000
   282.000000000000       1.290737546478681E-002  0.000000000000000E+000
   283.000000000000       1.286176636420452E-002  0.000000000000000E+000
   284.000000000000       1.281647845447141E-002  0.000000000000000E+000
   285.000000000000       1.277150835463116E-002  0.000000000000000E+000
   286.000000000000       1.272685273101357E-002  0.000000000000000E+000
   287.000000000000       1.268250829641073E-002  0.000000000000000E+000
   288.000000000000       1.263847180927042E-002  0.000000000000000E+000
   289.000000000000       1.259474007290616E-002  0.000000000000000E+000
   290.000000000000       1.255130993472373E-002  0.000000000000000E+000
   291.000000000000       1.250817828546351E-002  0.000000000000000E+000
   292.000000000000       1.246534205845849E-002  0.000000000000000E+000
   293.000000000000       1.242279822890744E-002  0.000000000000000E+000
   294.000000000000       1.238054381316286E-002  0.000000000000000E+000
   295.000000000000       1.233857586803349E-002  0.000000000000000E+000
   296.000000000000       1.229689149010095E-002  0.000000000000000E+000
   297.000000000000       1.225548781505010E-002  0.000000000000000E+000
   298.000000000000       1.221436201701302E-002  0.000000000000000E+000
   299.000000000000       1.217351130792602E-002  0.000000000000000E+000
   300.000000000000       1.213293293689960E-002  0.000000000000000E+000
   301.000000000000       1.209262418960093E-002  0.000000000000000E+000
   302.000000000000       1.205258238764861E-002  0.000000000000000E+000
   303.000000000000       1.201280488801941E-002  0.000000000000000E+000
   304.000000000000       1.197328908246671E-002  0.000000000000000E+000
   305.000000000000       1.193403239695043E-002  0.000000000000000E+000
   306.000000000000       1.189503229107804E-002  0.000000000000000E+000
   307.000000000000       1.185628625755661E-002  0.000000000000000E+000
   308.000000000000       1.181779182165545E-002  0.000000000000000E+000
   309.000000000000       1.177954654067922E-002  0.000000000000000E+000
   310.000000000000       1.174154800345123E-002  0.000000000000000E+000
   311.000000000000       1.170379382980669E-002  0.000000000000000E+000
   312.000000000000       1.166628167009577E-002  0.000000000000000E+000
