  0.000000000000000E+000 -0.137165492601847       9.390513850456722E-008
  7.812500000000000E-003 -0.137095252474300      -1.300036210770455E-003
  1.562500000000000E-002 -0.136868508651402      -2.049514523462938E-003
  2.343750000000000E-002 -0.137817731100310      -3.147582628383349E-003
  3.125000000000000E-002 -0.138432871307606      -4.548650715771345E-003
  3.906250000000000E-002 -0.141135685349537      -8.037685840863904E-003
  4.687500000000000E-002 -0.132152409756262      -1.126257184317840E-002
  5.468750000000000E-002 -0.133910342994199      -9.310015589865129E-003
  6.250000000000000E-002 -0.134051702977680      -1.061361206503814E-002
  7.031250000000000E-002 -0.134207819466112      -1.137966560345189E-002
  7.812500000000000E-002 -0.134200393395523      -1.255244220891702E-002
  8.593750000000000E-002 -0.135706033632507      -1.407549988133235E-002
  9.375000000000000E-002 -0.136454418344284      -2.054154191761465E-002
  0.101562500000000      -0.128554348013822      -2.320670509393942E-002
  0.109375000000000      -0.123420877062027      -2.158699789165747E-002
  0.117187500000000      -0.121632460181130      -1.882624610556319E-002
  0.125000000000000      -0.119351750566952      -1.651930752372149E-002
  0.132812500000000      -0.120056364708535      -1.284465380793673E-002
  0.140625000000000      -0.121626274341047      -1.091553958549520E-002
  0.148437500000000      -0.123842290443321      -1.057584538165745E-002
  0.156250000000000      -0.125319300750995      -1.103250101309256E-002
  0.164062500000000      -0.125756715609198      -1.243447935007215E-002
  0.171875000000000      -0.125220396675872      -1.261830130598167E-002
  0.179687500000000      -0.125455688734024      -1.189859690785826E-002
  0.187500000000000      -0.126082908430897      -1.155519636723126E-002
  0.195312500000000      -0.127213394337462      -1.085037380306069E-002
  0.203125000000000      -0.129199613196799      -1.163723018142004E-002
  0.210937500000000      -0.130209927421645      -1.277125409519656E-002
  0.218750000000000      -0.130769056737618      -1.403745880376672E-002
  0.226562500000000      -0.130910546224948      -1.490891233274233E-002
  0.234375000000000      -0.131057388038040      -1.542478686835833E-002
  0.242187500000000      -0.131583496026396      -1.589137030129741E-002
  0.250000000000000      -0.131920591665552      -1.647857346391901E-002
  0.257812500000000      -0.132187606347436      -1.674995346156062E-002
  0.265625000000000      -0.132825250549034      -1.703903030886287E-002
  0.273437500000000      -0.133320302836224      -1.717137263144700E-002
  0.281250000000000      -0.134248552440786      -1.669217472841937E-002
  0.289062500000000      -0.135930198406439      -1.693817723000802E-002
  0.296875000000000      -0.137541877951738      -1.706045996856117E-002
  0.304687500000000      -0.140040411465728      -1.667156889503764E-002
  0.312500000000000      -0.144292404571285      -1.845462143641168E-002
  0.320312500000000      -0.147636928941947      -2.190437907772693E-002
  0.328125000000000      -0.149689552146356      -2.719080511417921E-002
  0.335937500000000      -0.148152918871444      -3.140555155610588E-002
  0.343750000000000      -0.147394526159997      -3.440139002412169E-002
  0.351562500000000      -0.145697895809486      -3.753977769259773E-002
  0.359375000000000      -0.141708552025198      -3.802907566227816E-002
  0.367187500000000      -0.141297807401178      -3.575036322256130E-002
  0.375000000000000      -0.143234903664301      -3.369448024728432E-002
  0.382812500000000      -0.148471338543231      -3.264463024797683E-002
  0.390625000000000      -0.153557403914621      -3.797232914268175E-002
  0.398437500000000      -0.155544939751347      -4.256751150853371E-002
  0.406250000000000      -0.157267265894174      -4.736235014229939E-002
  0.414062500000000      -0.157993304767629      -5.337850809060278E-002
  0.421875000000000      -0.157373905909975      -5.740833145619450E-002
  0.429687500000000      -0.158145913498159      -6.180828402071942E-002
  0.437500000000000      -0.159710280035862      -6.748474296133404E-002
  0.445312500000000      -0.162112769700433      -7.779535400864322E-002
  0.453125000000000      -0.156029992146789      -8.926620469630514E-002
  0.460937500000000      -0.147923472251004      -9.819669091845316E-002
  0.468750000000000      -0.137234209253251      -0.105458107503130     
  0.476562500000000      -0.122567062039949      -0.109859493202022     
  0.484375000000000      -0.108856808417463      -0.104672316907247     
  0.492187500000000      -0.100305744082950      -9.857889849138447E-002
  0.500000000000000      -9.392363446467537E-002 -9.212676573702189E-002
  0.507812500000000      -8.913812937760857E-002 -8.481467812535631E-002
  0.515625000000000      -8.851208452316986E-002 -7.658322902735061E-002
  0.523437500000000      -8.938784537998364E-002 -7.183692760248418E-002
  0.531250000000000      -8.998659829189751E-002 -6.823286282163399E-002
  0.539062500000000      -9.040704353369967E-002 -6.498643129367829E-002
  0.546875000000000      -9.102927874852275E-002 -6.118394906840386E-002
  0.554687500000000      -9.349301577685508E-002 -5.855195401567934E-002
  0.562500000000000      -9.548605165918934E-002 -5.697410632786154E-002
  0.570312500000000      -9.726425159330775E-002 -5.579778574380858E-002
  0.578125000000000      -9.897339019916507E-002 -5.482177121887724E-002
  0.585937500000000      -0.101155378115655      -5.389917169300160E-002
  0.593750000000000      -0.103295135262916      -5.419615249587151E-002
  0.601562500000000      -0.104908364411492      -5.472259317004745E-002
  0.609375000000000      -0.106299516240600      -5.529201948109254E-002
  0.617187500000000      -0.107754752432648      -5.585414301518579E-002
  0.625000000000000      -0.109957193957690      -5.723450348880668E-002
  0.632812500000000      -0.110574876463567      -5.958217089303447E-002
  0.640625000000000      -0.110500303847529      -6.153430376305965E-002
  0.648437500000000      -0.109924989428062      -6.312727058070912E-002
  0.656250000000000      -0.108915496261915      -6.414691020563355E-002
  0.664062500000000      -0.107642013816743      -6.376682332907649E-002
  0.671875000000000      -0.109240439874235      -6.319761414599408E-002
  0.679687500000000      -0.110765266016949      -6.427398408575571E-002
  0.687500000000000      -0.112132562294998      -6.626816751719733E-002
  0.695312500000000      -0.113089069160380      -6.951129742086623E-002
  0.703125000000000      -0.112180651966725      -7.466526475456579E-002
  0.710937500000000      -0.105505911750764      -7.692720056351912E-002
  0.718750000000000      -0.102720561195115      -7.517496393209372E-002
  0.726562500000000      -0.101233551196566      -7.389472116023799E-002
  0.734375000000000      -0.100308589206936      -7.275993018522328E-002
  0.742187500000000      -9.988502058775081E-002 -7.163282768131221E-002
  0.750000000000000      -0.100293586987771      -7.046550327737416E-002
  0.757812500000000      -0.102048914305159      -7.150487205384486E-002
  0.765625000000000      -0.101473588293341      -7.358789389069391E-002
  0.773437500000000      -9.961509730470824E-002 -7.543415782763324E-002
  0.781250000000000      -9.638006481344892E-002 -7.674987063848149E-002
  0.789062500000000      -9.143492929804088E-002 -7.675939690400360E-002
  0.796875000000000      -8.451449958836751E-002 -7.347808056147342E-002
  0.804687500000000      -8.212637566491934E-002 -6.204363728852439E-002
  0.812500000000000      -8.632143896646029E-002 -5.531999584524311E-002
  0.820312500000000      -9.093039705823495E-002 -5.082156499750705E-002
  0.828125000000000      -9.597045799403592E-002 -4.747161779818260E-002
  0.835937500000000      -0.101627704164862      -4.497267292035714E-002
  0.843750000000000      -0.108357630533324      -4.337539757569767E-002
  0.851562500000000      -0.117489509025932      -4.528182198278010E-002
  0.859375000000000      -0.121095468643602      -4.978027038539538E-002
  0.867187500000000      -0.123953599177318      -5.250718187232029E-002
  0.875000000000000      -0.126845233452360      -5.464581381631631E-002
  0.882812500000000      -0.130054382885941      -5.659203686346455E-002
  0.890625000000000      -0.133837251464055      -5.870701494622627E-002
  0.898437500000000      -0.138533102244444      -6.172753334443787E-002
  0.906250000000000      -0.142012576435056      -6.842319130160120E-002
  0.914062500000000      -0.142084320108191      -7.278734104868664E-002
  0.921875000000000      -0.142578529575541      -7.566704492183185E-002
  0.929687500000000      -0.143765857044572      -7.784411275284533E-002
  0.937500000000000      -0.145832053725240      -7.976773684566554E-002
  0.945312500000000      -0.148941314608709      -8.187114981812417E-002
  0.953125000000000      -0.153281490369962      -8.475762386066980E-002
  0.960937500000000      -0.158416970330970      -9.048596022662432E-002
  0.968750000000000      -0.161065082752758      -9.697528219312203E-002
  0.976562500000000      -0.163359207572634      -0.103365903215592     
  0.984375000000000      -0.165461689322537      -0.110128912678942     
  0.992187500000000      -0.167295998711210      -0.117538904479258     
   1.00000000000000      -0.168617992258996      -0.125836990947080     
   1.00781250000000      -0.168898208978365      -0.135235053732150     
   1.01562500000000      -0.166566617045016      -0.145796858415857     
   1.02343750000000      -0.162303345252626      -0.152003302012147     
   1.03125000000000      -0.160351872714164      -0.158331251127549     
   1.03906250000000      -0.158792185526894      -0.165511830758703     
   1.04687500000000      -0.157073617708073      -0.173739180205756     
   1.05468750000000      -0.154676344598556      -0.183215049372549     
   1.06250000000000      -0.150862523477439      -0.194128446405345     
   1.07031250000000      -0.144304766204199      -0.206539800243855     
   1.07812500000000      -0.130593888417832      -0.218661269975530     
   1.08593750000000      -0.117333601609187      -0.221538435034386     
   1.09375000000000      -0.106900426951790      -0.223644737159182     
   1.10156250000000      -9.758375682782751E-002 -0.225450462964360     
   1.10937500000000      -8.881560035269900E-002 -0.227110052087611     
   1.11718750000000      -8.023378587251206E-002 -0.228667744930444     
   1.12500000000000      -7.152517258347235E-002 -0.230072352807385     
   1.13281250000000      -6.235684466963085E-002 -0.231113096902586     
   1.14062500000000      -5.221576443219542E-002 -0.231028291559905     
   1.14843750000000      -4.378723852721415E-002 -0.228643335843507     
   1.15625000000000      -3.626955765402042E-002 -0.226869573606604     
   1.16406250000000      -2.892942910796158E-002 -0.225135997436161     
   1.17187500000000      -2.161608970836525E-002 -0.223223307640360     
   1.17968750000000      -1.428337658344663E-002 -0.220943172160840     
   1.18750000000000      -6.960340951824855E-003 -0.218096256881535     
   1.19531250000000       2.324797431019470E-004 -0.214442854803402     
   1.20312500000000       7.003487781379237E-003 -0.209614603299099     
   1.21093750000000       1.136890231225272E-002 -0.203125645105942     
   1.21875000000000       1.389188933477966E-002 -0.199081752762018     
   1.22656250000000       1.670980406488137E-002 -0.196060186366975     
   1.23437500000000       1.981892589933803E-002 -0.193551905271306     
   1.24218750000000       2.324313622193677E-002 -0.191316073188189     
   1.25000000000000       2.700597730586623E-002 -0.189174083385799     
   1.25781250000000       3.112183456182703E-002 -0.186956254267372     
   1.26562500000000       3.558397615245480E-002 -0.184471406061076     
   1.27343750000000       4.034577800051778E-002 -0.181463675662507     
   1.28125000000000       4.495419216402118E-002 -0.177289761874485     
   1.28906250000000       4.843129093231857E-002 -0.173087063463238     
   1.29687500000000       5.165394606060340E-002 -0.169079875267788     
   1.30468750000000       5.472663680102465E-002 -0.165113732012742     
   1.31250000000000       5.766912210884016E-002 -0.161117463849758     
   1.32031250000000       6.047005498521933E-002 -0.157054970118733     
   1.32812500000000       6.310739235427605E-002 -0.152931364808333     
   1.33593750000000       6.560904820113564E-002 -0.148831616783797     
   1.34375000000000       6.841185045257117E-002 -0.144883139800639     
   1.35156250000000       7.254062937330603E-002 -0.138775350342480     
   1.35937500000000       7.151205140048394E-002 -0.132400764504744     
   1.36718750000000       7.128441305876541E-002 -0.128488630345306     
   1.37500000000000       7.157360886680433E-002 -0.125065254700777     
   1.38281250000000       7.221728470631597E-002 -0.121803230983300     
   1.39062500000000       7.312846889467083E-002 -0.118532036039072     
   1.39843750000000       7.423924366876820E-002 -0.115122689572142     
   1.40625000000000       7.547718291866644E-002 -0.111451761709982     
   1.41406250000000       7.674415441468017E-002 -0.107377540482214     
   1.42187500000000       7.787750284152220E-002 -0.102694213464232     
   1.42968750000000       7.843416076552216E-002 -9.674665466908219E-002
   1.43750000000000       7.602945222893415E-002 -9.182637449343614E-002
   1.44531250000000       7.419836158824020E-002 -8.840913937982545E-002
   1.45312500000000       7.268355711932738E-002 -8.549918931200400E-002
   1.46093750000000       7.141841780759538E-002 -8.288046938604518E-002
   1.46875000000000       7.037169951622861E-002 -8.042399788854869E-002
   1.47656250000000       6.951260814453177E-002 -7.801744303745964E-002
   1.48437500000000       6.877960534572584E-002 -7.554468146539629E-002
   1.49218750000000       6.803732784020568E-002 -7.289877673524914E-002
   1.50000000000000       6.703171868253072E-002 -7.005556413473280E-002
   1.50781250000000       6.539333664252338E-002 -6.725901044630368E-002
   1.51562500000000       6.339501536803555E-002 -6.563715872257925E-002
   1.52343750000000       6.222125215601127E-002 -6.419780911457292E-002
   1.53125000000000       6.122596436535285E-002 -6.268277229823797E-002
   1.53906250000000       6.031371377254870E-002 -6.113815548277119E-002
   1.54687500000000       5.944297310966347E-002 -5.958004182762489E-002
   1.55468750000000       5.858780364072032E-002 -5.801735108646669E-002
   1.56250000000000       5.772811754152482E-002 -5.645691180778935E-002
   1.57031250000000       5.684524970709852E-002 -5.490565326359980E-002
   1.57812500000000       5.591804804726520E-002 -5.337252977295109E-002
   1.58593750000000       5.491522377929443E-002 -5.187236071518187E-002
   1.59375000000000       5.376236086792414E-002 -5.044278595720478E-002
   1.60156250000000       5.249464723682370E-002 -4.952805233873327E-002
   1.60937500000000       5.171197724023220E-002 -4.868749927123010E-002
   1.61718750000000       5.106953265524001E-002 -4.775725645056690E-002
   1.62500000000000       5.050457180349600E-002 -4.676177691090511E-002
   1.63281250000000       4.998887154125460E-002 -4.570853434025664E-002
   1.64062500000000       4.950438091811324E-002 -4.459898885270836E-002
   1.64843750000000       4.903668211638406E-002 -4.343077176528662E-002
   1.65625000000000       4.857154122141795E-002 -4.219794409797389E-002
   1.66406250000000       4.809148821013082E-002 -4.089041898827826E-002
   1.67187500000000       4.757028892653156E-002 -3.949250055801947E-002
   1.67968750000000       4.695943459948526E-002 -3.797787268638785E-002
   1.68750000000000       4.604610833676794E-002 -3.626532952278435E-002
   1.69531250000000       4.481088219880383E-002 -3.505747256627371E-002
   1.70312500000000       4.375282724877289E-002 -3.401207545461728E-002
   1.71093750000000       4.278064317083981E-002 -3.302215334265148E-002
   1.71875000000000       4.186488267617367E-002 -3.205417227768265E-002
   1.72656250000000       4.098725202986480E-002 -3.108906956517372E-002
   1.73437500000000       4.013331358080328E-002 -3.011313073819641E-002
   1.74218750000000       3.928987787011213E-002 -2.911459917800841E-002
   1.75000000000000       3.844343743574567E-002 -2.808149259937405E-002
   1.75781250000000       3.757844679128244E-002 -2.699896906430766E-002
   1.76562500000000       3.667394264659576E-002 -2.584390092497350E-002
   1.77343750000000       3.569261866566651E-002 -2.456736278780580E-002
   1.78125000000000       3.445709379060788E-002 -2.291835770418079E-002
   1.78906250000000       3.238608039980999E-002 -2.194367483473599E-002
   1.79687500000000       3.062698538669672E-002 -2.135970864252850E-002
   1.80468750000000       2.899664342525202E-002 -2.092981517798513E-002
   1.81250000000000       2.745182783220053E-002 -2.060672347009524E-002
   1.82031250000000       2.597170136435750E-002 -2.037070633564564E-002
   1.82812500000000       2.454443104757822E-002 -2.021236630355411E-002
   1.83593750000000       2.316311417893116E-002 -2.012756081376909E-002
   1.84375000000000       2.182425398086444E-002 -2.011549331796782E-002
   1.85156250000000       2.052735974572627E-002 -2.017808322930357E-002
   1.85937500000000       1.927550563469946E-002 -2.032025696968525E-002
   1.86718750000000       1.807781747926395E-002 -2.055183462510603E-002
   1.87500000000000       1.696024343771246E-002 -2.089585465555086E-002
   1.88281250000000       1.612699202014182E-002 -2.133608083222987E-002
   1.89062500000000       1.533268526014054E-002 -2.150283891052019E-002
   1.89843750000000       1.446009802470366E-002 -2.166454294818548E-002
   1.90625000000000       1.355028789037460E-002 -2.185889504546468E-002
   1.91406250000000       1.261809815191551E-002 -2.210376504456675E-002
   1.92187500000000       1.167284091908365E-002 -2.241285602587220E-002
   1.92968750000000       1.072239314345122E-002 -2.279904079956352E-002
   1.93750000000000       9.774794887885279E-003 -2.327590462383166E-002
   1.94531250000000       8.839265676406246E-003 -2.385906841983009E-002
   1.95312500000000       7.927263488274359E-003 -2.456804322640636E-002
   1.96093750000000       7.054157271378687E-003 -2.542975208774278E-002
   1.96875000000000       6.242882364896839E-003 -2.648698384807754E-002
   1.97656250000000       5.535472033158145E-003 -2.782639384987367E-002
   1.98437500000000       5.126600598097640E-003 -2.985951835606281E-002
   1.99218750000000       6.150678538049820E-003 -3.132412594384713E-002
   2.00000000000000       7.001769622905952E-003 -3.218422425649198E-002
   2.00781250000000       7.803099126960231E-003 -3.279209984238527E-002
   2.01562500000000       8.577091096536293E-003 -3.322359971443192E-002
   2.02343750000000       9.331674966534809E-003 -3.351288899804933E-002
   2.03125000000000       1.006941861400662E-002 -3.367857250689840E-002
   2.03906250000000       1.079016882270103E-002 -3.373153152937727E-002
   2.04687500000000       1.149201924286551E-002 -3.367799265143257E-002
   2.05468750000000       1.217161101700350E-002 -3.352077827283902E-002
   2.06250000000000       1.282399476687635E-002 -3.325956118458315E-002
   2.07031250000000       1.344194090556491E-002 -3.289015891095856E-002
   2.07812500000000       1.401402880280985E-002 -3.240196092062528E-002
   2.08593750000000       1.451831873478382E-002 -3.176860691232160E-002
   2.09375000000000       1.484123501335259E-002 -3.085494380582347E-002
   2.10156250000000       1.469695357746931E-002 -3.021289678073586E-002
   2.10937500000000       1.463445396712392E-002 -2.972378769244921E-002
   2.11718750000000       1.459003631182666E-002 -2.927860551330979E-002
   2.12500000000000       1.454887301706148E-002 -2.885263587721448E-002
   2.13281250000000       1.450339740874037E-002 -2.843475417360667E-002
   2.14062500000000       1.444846296799287E-002 -2.801891959774543E-002
   2.14843750000000       1.437985149972471E-002 -2.760157966695927E-002
   2.15625000000000       1.429359682235111E-002 -2.718061290609970E-002
   2.16406250000000       1.418554210601713E-002 -2.675483003148477E-002
   2.17187500000000       1.405089887333107E-002 -2.632372552790102E-002
   2.17968750000000       1.388360330292377E-002 -2.588736630685639E-002
   2.18750000000000       1.367506345553515E-002 -2.544638019414546E-002
   2.19531250000000       1.341096856380271E-002 -2.500205221877881E-002
   2.20312500000000       1.305883393250478E-002 -2.455652643680085E-002
   2.21093750000000       1.248308103667314E-002 -2.424426667411187E-002
   2.21875000000000       1.207413706757978E-002 -2.419556011260170E-002
   2.22656250000000       1.177638533648705E-002 -2.415051692082745E-002
   2.23437500000000       1.153980199264292E-002 -2.410141261646564E-002
   2.24218750000000       1.134550335199670E-002 -2.404489686151966E-002
   2.25000000000000       1.118283683244746E-002 -2.397899412977450E-002
   2.25781250000000       1.104462998536328E-002 -2.390241642223228E-002
   2.26562500000000       1.092550192623633E-002 -2.381432090146167E-002
   2.27343750000000       1.082110323962951E-002 -2.371421856964222E-002
   2.28125000000000       1.072772588760206E-002 -2.360195509179499E-002
   2.28906250000000       1.064209174138630E-002 -2.347774160931913E-002
   2.29687500000000       1.056124763938946E-002 -2.334224001120892E-002
   2.30468750000000       1.048255265827812E-002 -2.319673857080945E-002
   2.31250000000000       1.040381470243167E-002 -2.304353648814393E-002
   2.32031250000000       1.032391547064882E-002 -2.288701749277601E-002
   2.32812500000000       1.024827165519643E-002 -2.274008333787333E-002
   2.33593750000000       1.020697110809299E-002 -2.256868248182997E-002
   2.34375000000000       1.015476617064780E-002 -2.237458561789349E-002
   2.35156250000000       1.009754241605766E-002 -2.216639183869381E-002
   2.35937500000000       1.003491403800526E-002 -2.194499184606228E-002
   2.36718750000000       9.965817555395122E-003 -2.171073481546677E-002
   2.37500000000000       9.888934138978732E-003 -2.146376539047190E-002
   2.38281250000000       9.802757376805492E-003 -2.120410755332677E-002
   2.39062500000000       9.705577290022339E-003 -2.093168625059808E-002
   2.39843750000000       9.595421891162113E-003 -2.064632028094734E-002
   2.40625000000000       9.469953534115214E-003 -2.034769016367740E-002
   2.41406250000000       9.326292749059816E-003 -2.003527055816722E-002
   2.42187500000000       9.160702357866424E-003 -1.970819693396983E-002
   2.42968750000000       8.967962264244286E-003 -1.936498655981014E-002
   2.43750000000000       8.739927797699476E-003 -1.900286880416033E-002
   2.44531250000000       8.461217014974516E-003 -1.861570960080897E-002
   2.45312500000000       8.084863817739471E-003 -1.818180611119059E-002
   2.46093750000000       7.467623779309960E-003 -1.793216960358327E-002
   2.46875000000000       6.990647154924637E-003 -1.785091522452780E-002
   2.47656250000000       6.576902608605494E-003 -1.780057359727148E-002
   2.48437500000000       6.202503313771084E-003 -1.776846053665060E-002
   2.49218750000000       5.856987007540221E-003 -1.774900793955358E-002
   2.50000000000000       5.534404534657957E-003 -1.773901325184420E-002
   2.53125000000000       4.409245450590007E-003 -1.775792510961874E-002
   2.56250000000000       3.466999342189717E-003 -1.782077840746452E-002
   2.59375000000000       2.580795938920404E-003 -1.787330679818118E-002
   2.62500000000000       1.701396467422873E-003 -1.805850436283015E-002
   2.65625000000000       8.421468445335143E-004 -1.837428304149765E-002
   2.68750000000000      -6.326021645816648E-005 -1.900455265896917E-002
   2.71875000000000      -3.386844698359057E-004 -2.105811122315528E-002
   2.75000000000000       1.225846489960694E-003 -2.018722878444611E-002
   2.78125000000000       9.790581961693495E-004 -1.978969329016914E-002
   2.81250000000000       7.065983476067415E-004 -1.961312305070327E-002
   2.84375000000000       4.253198598010981E-004 -1.952470539234126E-002
   2.87500000000000       1.735339344562260E-004 -1.956004068735171E-002
   2.90625000000000       5.991168426134160E-005 -1.950987850457833E-002
   2.93750000000000      -1.105215409111626E-004 -1.940670091494803E-002
   2.96875000000000      -3.476864356253338E-004 -1.929102460339914E-002
   3.00000000000000      -6.941902753767996E-004 -1.921035985752062E-002
   3.03125000000000      -1.233174325995793E-003 -1.946025110491004E-002
   3.06250000000000      -1.164002641360671E-003 -1.987686534327762E-002
   3.09375000000000      -9.684042745971848E-004 -2.002337391293401E-002
   3.12500000000000      -7.434552326695339E-004 -1.997219158947498E-002
   3.15625000000000      -5.631821715711039E-004 -1.971046909320535E-002
   3.18750000000000      -6.109733707405678E-004 -1.912815549977837E-002
   3.21875000000000      -1.237587655380990E-003 -1.901049203435137E-002
   3.25000000000000      -1.592095957852706E-003 -1.912527490908432E-002
   3.28125000000000      -1.839871203956866E-003 -1.929481077915514E-002
   3.31250000000000      -2.017073452276401E-003 -1.949465147723242E-002
   3.34375000000000      -2.146766347277002E-003 -1.972070443046915E-002
   3.37500000000000      -2.221557550766229E-003 -2.003901616359299E-002
   3.40625000000000      -2.137243476895753E-003 -2.036634712508220E-002
   3.43750000000000      -1.942689646390398E-003 -2.066457304619632E-002
   3.46875000000000      -1.632053412955255E-003 -2.092085450236976E-002
   3.50000000000000      -1.179853290498779E-003 -2.110691383386814E-002
   3.53125000000000      -4.840447813116479E-004 -2.114309456740796E-002
   3.56250000000000       6.191818552245477E-005 -2.049258640340675E-002
   3.59375000000000       1.857966295942230E-004 -1.995837432471888E-002
   3.62500000000000       1.876214302868935E-004 -1.949947380159836E-002
   3.65625000000000       1.026874873660746E-004 -1.908756865509733E-002
   3.68750000000000      -7.009819464211812E-005 -1.871298671852934E-002
   3.71875000000000      -3.927150633950561E-004 -1.838867650606005E-002
   3.75000000000000      -7.032134129068834E-004 -1.841626167707770E-002
   3.78125000000000      -8.284535791639283E-004 -1.839943606409007E-002
   3.81250000000000      -9.218915014618750E-004 -1.834113904047430E-002
   3.84375000000000      -1.017311347159844E-003 -1.824557296389831E-002
   3.87500000000000      -1.146099708448278E-003 -1.810887329427380E-002
   3.90625000000000      -1.372917844411861E-003 -1.791377959984698E-002
   3.93750000000000      -1.920957811300072E-003 -1.792676482073659E-002
   3.96875000000000      -2.234696520565930E-003 -1.823553469257057E-002
   4.00000000000000      -2.403444524156063E-003 -1.858142045078926E-002
   4.03125000000000      -2.463647501576759E-003 -1.894592035727456E-002
   4.06250000000000      -2.423997347697833E-003 -1.931879186005693E-002
   4.09375000000000      -2.279293105846385E-003 -1.969264721053266E-002
   4.12500000000000      -1.969315741173612E-003 -2.006840603618516E-002
   4.15625000000000      -1.569541798144461E-003 -2.018921408666202E-002
   4.18750000000000      -1.222493336354113E-003 -2.025663150560762E-002
   4.21875000000000      -8.755040686068533E-004 -2.027584346431998E-002
   4.25000000000000      -5.214111638430830E-004 -2.024194785028552E-002
   4.28125000000000      -1.593814185523406E-004 -2.014606700368821E-002
   4.31250000000000       2.111363567913345E-004 -1.997069543822467E-002
   4.34375000000000       5.926141347266868E-004 -1.961241357106059E-002
   4.37500000000000       6.620723320519824E-004 -1.920296613096865E-002
   4.40625000000000       6.793051712829478E-004 -1.889955051413236E-002
   4.43750000000000       6.691394701918551E-004 -1.863876501522939E-002
   4.46875000000000       6.356840140764393E-004 -1.840257792000561E-002
   4.50000000000000       5.771203372318547E-004 -1.818074082859590E-002
   4.53125000000000       4.845323403719213E-004 -1.796385875397402E-002
   4.56250000000000       3.211835144801643E-004 -1.773163043334559E-002
   4.59375000000000       3.841035132024059E-006 -1.767674680803652E-002
   4.62500000000000      -1.957152620509098E-004 -1.773745081122418E-002
   4.65625000000000      -3.439550813139093E-004 -1.783359759611637E-002
   4.68750000000000      -4.561055753755760E-004 -1.796072711456062E-002
   4.71875000000000      -5.368699114965552E-004 -1.812111166020905E-002
   4.75000000000000      -5.850446118368393E-004 -1.832353274210696E-002
   4.78125000000000      -5.898461813744088E-004 -1.859199150424757E-002
   4.81250000000000      -4.076038999784992E-004 -1.901548014991689E-002
   4.84375000000000      -4.245117529053869E-006 -1.915687623701465E-002
   4.87500000000000       3.415841440379589E-004 -1.917952970911105E-002
   4.90625000000000       6.570864526492096E-004 -1.913375568178463E-002
   4.93750000000000       9.457154365244220E-004 -1.903226055140855E-002
   4.96875000000000       1.204424962353713E-003 -1.887885121382728E-002
   5.00000000000000       1.424572233837181E-003 -1.867184462433471E-002
   5.03125000000000       1.585892926519060E-003 -1.840038595210343E-002
   5.06250000000000       1.547327682272339E-003 -1.803904638652730E-002
   5.09375000000000       1.402864979388195E-003 -1.795991323547817E-002
   5.12500000000000       1.341726650387274E-003 -1.794643539600652E-002
   5.15625000000000       1.322140789301856E-003 -1.796289306356236E-002
   5.18750000000000       1.333654977676519E-003 -1.800041427417962E-002
   5.21875000000000       1.373581563819182E-003 -1.805637768903537E-002
   5.25000000000000       1.444278950064156E-003 -1.813169488679683E-002
   5.28125000000000       1.555655060081142E-003 -1.823177866330192E-002
   5.31250000000000       1.746463271378635E-003 -1.837771040367091E-002
   5.34375000000000       2.140616849046230E-003 -1.837164914954849E-002
   5.37500000000000       2.418905477109471E-003 -1.822508514457348E-002
   5.40625000000000       2.640721516291896E-003 -1.804693328336661E-002
   5.43750000000000       2.820910840608052E-003 -1.784739762078110E-002
   5.46875000000000       2.963426637635435E-003 -1.763108876196099E-002
   5.50000000000000       3.067494602884109E-003 -1.740066654298237E-002
   5.53125000000000       3.127909742724504E-003 -1.715769278499721E-002
   5.56250000000000       3.130853794466845E-003 -1.690244703713280E-002
   5.59375000000000       3.016302885005225E-003 -1.662882437619793E-002
   5.62500000000000       2.817042485107256E-003 -1.661296843388903E-002
   5.65625000000000       2.751774685693253E-003 -1.663271302021344E-002
   5.68750000000000       2.732826053955203E-003 -1.665811716420732E-002
   5.71875000000000       2.744329600735883E-003 -1.668698093389202E-002
   5.75000000000000       2.780026180540954E-003 -1.671870504048397E-002
   5.78125000000000       2.837674024683769E-003 -1.675345299407036E-002
   5.81250000000000       2.917999620550611E-003 -1.679212204996888E-002
   5.84375000000000       3.026005478564852E-003 -1.683694655256633E-002
   5.87500000000000       3.180887659427375E-003 -1.689506101343317E-002
   5.90625000000000       3.447343260755797E-003 -1.686752413783500E-002
   5.93750000000000       3.643649816436366E-003 -1.675079701732966E-002
   5.96875000000000       3.805955330318308E-003 -1.661764057612816E-002
   6.00000000000000       3.945423297140788E-003 -1.647260207737453E-002
   6.03125000000000       4.065534386843910E-003 -1.631751681464340E-002
   6.06250000000000       4.166998573905322E-003 -1.615330944248477E-002
   6.09375000000000       4.248693159982535E-003 -1.598040821328645E-002
   6.12500000000000       4.307311283555378E-003 -1.579878184904025E-002
   6.15625000000000       4.334910839388559E-003 -1.560754061145528E-002
   6.18750000000000       4.298770115739064E-003 -1.540106373220215E-002
   6.21875000000000       4.205460922170778E-003 -1.533069442441285E-002
   6.25000000000000       4.184159992902114E-003 -1.528268112930459E-002
   6.28125000000000       4.186141056747751E-003 -1.523651005521321E-002
   6.31250000000000       4.202030001080426E-003 -1.519026245235297E-002
   6.34375000000000       4.227595963268323E-003 -1.514302434757058E-002
   6.37500000000000       4.260494603377852E-003 -1.509418536942781E-002
   6.40625000000000       4.299344209695527E-003 -1.504318679646817E-002
   6.43750000000000       4.343429664185560E-003 -1.498931241291854E-002
   6.46875000000000       4.392794825931978E-003 -1.493125443128493E-002
   6.50000000000000       4.449640943932626E-003 -1.486489614110628E-002
   6.53125000000000       4.493181447778848E-003 -1.477184464839182E-002
   6.56250000000000       4.517678236969201E-003 -1.469240341637296E-002
   6.59375000000000       4.539544830217908E-003 -1.462012452667620E-002
   6.62500000000000       4.559854257769171E-003 -1.455241328830837E-002
   6.65625000000000       4.578798957843137E-003 -1.448823652294447E-002
   6.68750000000000       4.596234235475567E-003 -1.442709965708234E-002
   6.71875000000000       4.611762039456703E-003 -1.436879279331371E-002
   6.75000000000000       4.624658428583766E-003 -1.431332237023989E-002
   6.78125000000000       4.633591456731049E-003 -1.426094832846709E-002
   6.81250000000000       4.635628266787015E-003 -1.421243057897229E-002
   6.84375000000000       4.617509102475716E-003 -1.417121695527051E-002
   6.87500000000000       4.612467786292944E-003 -1.418664027988358E-002
   6.90625000000000       4.637538276067318E-003 -1.419718540030789E-002
   6.93750000000000       4.675323624586006E-003 -1.420575981005920E-002
   6.96875000000000       4.722714279381111E-003 -1.421331319195212E-002
   7.00000000000000       4.778570944960932E-003 -1.422036786361576E-002
   7.03125000000000       4.842629416156469E-003 -1.422730886692135E-002
   7.06250000000000       4.915261298012220E-003 -1.423448788574554E-002
   7.09375000000000       4.997549482331921E-003 -1.424229286762736E-002
   7.12500000000000       5.091721223935973E-003 -1.425124042957469E-002
   7.15625000000000       5.202589852415664E-003 -1.426219836222140E-002
   7.18750000000000       5.345347147341025E-003 -1.427747302361501E-002
   7.21875000000000       5.546361321309335E-003 -1.421938422936730E-002
   7.25000000000000       5.688813688723754E-003 -1.411847320984761E-002
   7.28125000000000       5.808143866787487E-003 -1.401356928775180E-002
   7.31250000000000       5.912703636282646E-003 -1.390604747003558E-002
   7.34375000000000       6.005800839896659E-003 -1.379654231723888E-002
   7.37500000000000       6.089042628779318E-003 -1.368542884218575E-002
   7.40625000000000       6.163166110458701E-003 -1.357294939619056E-002
   7.43750000000000       6.228287526354211E-003 -1.345925647294778E-002
   7.46875000000000       6.283882316751912E-003 -1.334441720888221E-002
   7.50000000000000       6.328446953559917E-003 -1.322837470847385E-002
   7.53125000000000       6.358223706226239E-003 -1.311078198452828E-002
   7.56250000000000       6.358388184675906E-003 -1.298976390319911E-002
   7.59375000000000       6.326914243645959E-003 -1.293946758561612E-002
   7.62500000000000       6.339302241713436E-003 -1.290707069130299E-002
   7.65625000000000       6.367905148288267E-003 -1.287721652698106E-002
   7.68750000000000       6.407702242991808E-003 -1.284905442146619E-002
   7.71875000000000       6.456797096890905E-003 -1.282221481115691E-002
   7.75000000000000       6.514501225128461E-003 -1.279650796705485E-002
   7.78125000000000       6.580846536132072E-003 -1.277184125539827E-002
   7.81250000000000       6.656489214940015E-003 -1.274819299423990E-002
   7.84375000000000       6.742847330813875E-003 -1.272561345229751E-002
   7.87500000000000       6.842578766004035E-003 -1.270425564120686E-002
   7.90625000000000       6.961000414940365E-003 -1.268447952379405E-002
   7.93750000000000       7.112187433740898E-003 -1.266731466516302E-002
   7.96875000000000       7.350347354919004E-003 -1.258783564253959E-002
   8.00000000000000       7.515061367498789E-003 -1.241647070449201E-002
   8.03125000000000       7.639478332018469E-003 -1.224218821918200E-002
   8.06250000000000       7.739933901413677E-003 -1.206624364897308E-002
   8.09375000000000       7.822154753449649E-003 -1.188906734295041E-002
   8.12500000000000       7.888851557467220E-003 -1.171085546863119E-002
   8.15625000000000       7.941338386742571E-003 -1.153169575380175E-002
   8.18750000000000       7.980056016927852E-003 -1.135160767331849E-002
   8.21875000000000       8.004715926325946E-003 -1.117055278829862E-002
   8.25000000000000       8.014204589480637E-003 -1.098842579037818E-002
   8.28125000000000       8.006155766443182E-003 -1.080501818120207E-002
   8.31250000000000       7.975645977383334E-003 -1.061990912038487E-002
   8.34375000000000       7.909720391123238E-003 -1.043201022697960E-002
   8.37500000000000       7.752645639433074E-003 -1.029711046482220E-002
   8.40625000000000       7.658109461559552E-003 -1.025951239735752E-002
   8.43750000000000       7.599858602541501E-003 -1.022512231790971E-002
   8.46875000000000       7.560644979592508E-003 -1.019248159695753E-002
   8.50000000000000       7.534423583777020E-003 -1.016106796585905E-002
   8.53125000000000       7.518134003488965E-003 -1.013061170470115E-002
   8.56250000000000       7.509988264949320E-003 -1.010095213708415E-002
   8.59375000000000       7.508876623062983E-003 -1.007198758943176E-002
   8.62500000000000       7.514114725640926E-003 -1.004365413854629E-002
   8.65625000000000       7.525333502491884E-003 -1.001591662027683E-002
   8.68750000000000       7.542455097485749E-003 -9.988767374090797E-003
   8.71875000000000       7.565767311616735E-003 -9.962234440763322E-003
   8.75000000000000       7.596247368919500E-003 -9.936414438387138E-003
   8.78125000000000       7.637386410117871E-003 -9.911653643908997E-003
   8.81250000000000       7.694955558126996E-003 -9.869235071142549E-003
   8.84375000000000       7.740897203502510E-003 -9.817082833543753E-003
   8.87500000000000       7.784114451964072E-003 -9.764492017139019E-003
   8.90625000000000       7.826760424014919E-003 -9.711704636566875E-003
   8.93750000000000       7.869804538007142E-003 -9.658834744351363E-003
   8.96875000000000       7.913876570502579E-003 -9.605956400246241E-003
   9.00000000000000       7.959497458918731E-003 -9.553128092971409E-003
   9.03125000000000       8.007185149573649E-003 -9.500403561887033E-003
   9.06250000000000       8.057531675811224E-003 -9.447838873184599E-003
   9.09375000000000       8.111291037879918E-003 -9.395499454792011E-003
   9.12500000000000       8.169519163001356E-003 -9.343470276532368E-003
   9.15625000000000       8.233856333231570E-003 -9.291875439999389E-003
   9.18750000000000       8.307252018365000E-003 -9.240927374323206E-003
   9.21875000000000       8.396748131696063E-003 -9.191113479082660E-003
   9.25000000000000       8.536002644976656E-003 -9.116948090246733E-003
   9.28125000000000       8.639589197684485E-003 -8.979085609258267E-003
   9.31250000000000       8.716758009493420E-003 -8.839505552386837E-003
   9.34375000000000       8.779070346937545E-003 -8.698977275566398E-003
   9.37500000000000       8.830308072844887E-003 -8.557755648923294E-003
   9.40625000000000       8.872302855764513E-003 -8.415966655249324E-003
   9.43750000000000       8.906049034656065E-003 -8.273681304958973E-003
   9.46875000000000       8.932072806483882E-003 -8.130940356248383E-003
   9.50000000000000       8.950577304366162E-003 -7.987764268360127E-003
   9.53125000000000       8.961490152995511E-003 -7.844156852402463E-003
   9.56250000000000       8.964445872229039E-003 -7.700104919570386E-003
   9.59375000000000       8.958691953710544E-003 -7.555573530842324E-003
   9.62500000000000       8.942848106227299E-003 -7.410493078974168E-003
   9.65625000000000       8.914258508949202E-003 -7.264723946158805E-003
   9.68750000000000       8.866599378822001E-003 -7.117925023762553E-003
   9.71875000000000       8.765651812430449E-003 -6.987119836326225E-003
   9.75000000000000       8.689967563798145E-003 -6.930276956511786E-003
   9.78125000000000       8.640945000813449E-003 -6.874936443127864E-003
   9.81250000000000       8.604305570118639E-003 -6.820304882216640E-003
   9.84375000000000       8.575753772154601E-003 -6.766143810422340E-003
   9.87500000000000       8.553198248506158E-003 -6.712337544945183E-003
   9.90625000000000       8.535434747685382E-003 -6.658819891557675E-003
   9.93750000000000       8.521715174524930E-003 -6.605550121175063E-003
   9.96875000000000       8.511566881309411E-003 -6.552502867398171E-003
   10.0000000000000       8.504708604938401E-003 -6.499663393226415E-003
   10.0312500000000       8.501014129156858E-003 -6.447025489702238E-003
   10.0625000000000       8.500508496341616E-003 -6.394591132040626E-003
   10.0937500000000       8.503400224658942E-003 -6.342372015788670E-003
   10.1250000000000       8.510180076487774E-003 -6.290394479001834E-003
   10.1562500000000       8.521907027092006E-003 -6.238713829847710E-003
   10.1875000000000       8.541364403474977E-003 -6.187472103798370E-003
   10.2187500000000       8.581325454216377E-003 -6.125178212552176E-003
   10.2500000000000       8.607076505994661E-003 -6.039391402350839E-003
   10.2812500000000       8.623828723816947E-003 -5.953172334058066E-003
   10.3125000000000       8.635847272218425E-003 -5.866738313684240E-003
   10.3437500000000       8.644571281744860E-003 -5.780165529603526E-003
   10.3750000000000       8.650723266555780E-003 -5.693494348737189E-003
   10.4062500000000       8.654729552775447E-003 -5.606750500551112E-003
   10.4375000000000       8.656865595598771E-003 -5.519952514825557E-003
   10.4687500000000       8.657320053858348E-003 -5.433115118137098E-003
   10.5000000000000       8.656227571960131E-003 -5.346251120978919E-003
   10.5312500000000       8.653687461695760E-003 -5.259372708960488E-003
   10.5625000000000       8.649775460119268E-003 -5.172492594917550E-003
   10.5937500000000       8.644552121641844E-003 -5.085625416110199E-003
   10.6250000000000       8.638070289988370E-003 -4.998789998960528E-003
   10.6562500000000       8.630384869159704E-003 -4.912014113780565E-003
   10.6875000000000       8.621574492276299E-003 -4.825347939716827E-003
   10.7187500000000       8.611844351440332E-003 -4.738933422598390E-003
   10.7500000000000       8.602144131625876E-003 -4.651882579382631E-003
   10.7812500000000       8.590583433206263E-003 -4.563718943851846E-003
   10.8125000000000       8.577334142834455E-003 -4.475273596202961E-003
   10.8437500000000       8.562475562588543E-003 -4.386635447828980E-003
   10.8750000000000       8.546014125680068E-003 -4.297844342752855E-003
   10.9062500000000       8.527926476980377E-003 -4.208923832186984E-003
   10.9375000000000       8.508169282898609E-003 -4.119889821232716E-003
   10.9687500000000       8.486681311739401E-003 -4.030753919161957E-003
   11.0000000000000       8.463382178823265E-003 -3.941525010474549E-003
   11.0312500000000       8.438168574979595E-003 -3.852210071483153E-003
   11.0625000000000       8.410907463721005E-003 -3.762814603097698E-003
   11.0937500000000       8.381424569342226E-003 -3.673342824129271E-003
   11.1250000000000       8.349484334069984E-003 -3.583797659309123E-003
   11.1562500000000       8.314752404061048E-003 -3.494180457510696E-003
   11.1875000000000       8.276716640990771E-003 -3.404490172702103E-003
   11.2187500000000       8.234486333479635E-003 -3.314721035974752E-003
   11.2500000000000       8.186061738929546E-003 -3.224853627905196E-003
   11.2812500000000       8.121239918774345E-003 -3.140543802637386E-003
   11.3125000000000       8.064521948405963E-003 -3.078163650810166E-003
   11.3437500000000       8.015216307590752E-003 -3.015853512054139E-003
   11.3750000000000       7.968933042321116E-003 -2.953565341264178E-003
   11.4062500000000       7.924289144650551E-003 -2.891288061112845E-003
   11.4375000000000       7.880562154358348E-003 -2.829018289050308E-003
   11.4687500000000       7.837289223607701E-003 -2.766755544917959E-003
   11.5000000000000       7.794133305937053E-003 -2.704500719475280E-003
   11.5312500000000       7.750823905427950E-003 -2.642255431172306E-003
   11.5625000000000       7.707125196022529E-003 -2.580021702559542E-003
   11.5937500000000       7.662815401852078E-003 -2.517801766495829E-003
   11.6250000000000       7.617670301582931E-003 -2.455597919969546E-003
   11.6562500000000       7.571446394459785E-003 -2.393412374284569E-003
   11.6875000000000       7.523859127610234E-003 -2.331247046987699E-003
   11.7187500000000       7.474548381192060E-003 -2.269103195154155E-003
   11.7500000000000       7.423013251475794E-003 -2.206980646442837E-003
   11.7812500000000       7.368462371357565E-003 -2.144875855675675E-003
   11.8125000000000       7.309354450033326E-003 -2.082775376724571E-003
   11.8437500000000       7.240457740922371E-003 -2.020609671739098E-003
   11.8750000000000       7.162960662199752E-003 -1.983405247655611E-003
   11.9062500000000       7.101231679131831E-003 -1.950920764051280E-003
   11.9375000000000       7.044705168129673E-003 -1.918542330606016E-003
   11.9687500000000       6.991340658237381E-003 -1.886234260889978E-003
   12.0000000000000       6.940190800657452E-003 -1.853980302334432E-003
   13.0000000000000       6.406329969837648E-003  0.000000000000000E+000
   14.0000000000000       5.948734971992102E-003  0.000000000000000E+000
   15.0000000000000       5.552152640525962E-003  0.000000000000000E+000
   16.0000000000000       5.205143100493089E-003  0.000000000000000E+000
   17.0000000000000       4.898958212228790E-003  0.000000000000000E+000
   18.0000000000000       4.626793867104968E-003  0.000000000000000E+000
   19.0000000000000       4.383278400415233E-003  0.000000000000000E+000
   20.0000000000000       4.164114480394472E-003  0.000000000000000E+000
   21.0000000000000       3.965823314661401E-003  0.000000000000000E+000
   22.0000000000000       3.785558618540429E-003  0.000000000000000E+000
   23.0000000000000       3.620969113386497E-003  0.000000000000000E+000
   24.0000000000000       3.470095400328726E-003  0.000000000000000E+000
   25.0000000000000       3.331291584315577E-003  0.000000000000000E+000
   26.0000000000000       3.203164984918824E-003  0.000000000000000E+000
   27.0000000000000       3.084529244736645E-003  0.000000000000000E+000
   28.0000000000000       2.974367485996051E-003  0.000000000000000E+000
   29.0000000000000       2.871803089927222E-003  0.000000000000000E+000
   30.0000000000000       2.776076320262981E-003  0.000000000000000E+000
   31.0000000000000       2.686525471222240E-003  0.000000000000000E+000
   32.0000000000000       2.602571550246545E-003  0.000000000000000E+000
   33.0000000000000       2.523705745693619E-003  0.000000000000000E+000
   34.0000000000000       2.449479106114395E-003  0.000000000000000E+000
   35.0000000000000       2.379493988796841E-003  0.000000000000000E+000
   36.0000000000000       2.313396933552484E-003  0.000000000000000E+000
   37.0000000000000       2.250872692105120E-003  0.000000000000000E+000
   38.0000000000000       2.191639200207617E-003  0.000000000000000E+000
   39.0000000000000       2.135443323279216E-003  0.000000000000000E+000
   40.0000000000000       2.082057240197236E-003  0.000000000000000E+000
   41.0000000000000       2.031275356289986E-003  0.000000000000000E+000
   42.0000000000000       1.982911657330701E-003  0.000000000000000E+000
   43.0000000000000       1.936797432741615E-003  0.000000000000000E+000
   44.0000000000000       1.892779309270214E-003  0.000000000000000E+000
   45.0000000000000       1.850717546841987E-003  0.000000000000000E+000
   46.0000000000000       1.810484556693248E-003  0.000000000000000E+000
   47.0000000000000       1.771963608678499E-003  0.000000000000000E+000
   48.0000000000000       1.735047700164363E-003  0.000000000000000E+000
   49.0000000000000       1.699638563426315E-003  0.000000000000000E+000
   50.0000000000000       1.665645792157788E-003  0.000000000000000E+000
   51.0000000000000       1.632986070742930E-003  0.000000000000000E+000
   52.0000000000000       1.601582492459412E-003  0.000000000000000E+000
   53.0000000000000       1.571363954865838E-003  0.000000000000000E+000
   54.0000000000000       1.542264622368323E-003  0.000000000000000E+000
   55.0000000000000       1.514223447416171E-003  0.000000000000000E+000
   56.0000000000000       1.487183742998026E-003  0.000000000000000E+000
   57.0000000000000       1.461092800138411E-003  0.000000000000000E+000
   58.0000000000000       1.435901544963611E-003  0.000000000000000E+000
   59.0000000000000       1.411564230642194E-003  0.000000000000000E+000
   60.0000000000000       1.388038160131490E-003  0.000000000000000E+000
   61.0000000000000       1.365283436194909E-003  0.000000000000000E+000
   62.0000000000000       1.343262735611120E-003  0.000000000000000E+000
   63.0000000000000       1.321941104887134E-003  0.000000000000000E+000
   64.0000000000000       1.301285775123272E-003  0.000000000000000E+000
   65.0000000000000       1.281265993967530E-003  0.000000000000000E+000
   66.0000000000000       1.261852872846810E-003  0.000000000000000E+000
   67.0000000000000       1.243019247878947E-003  0.000000000000000E+000
   68.0000000000000       1.224739553057198E-003  0.000000000000000E+000
   69.0000000000000       1.206989704462166E-003  0.000000000000000E+000
   70.0000000000000       1.189746994398420E-003  0.000000000000000E+000
   71.0000000000000       1.172989994477316E-003  0.000000000000000E+000
   72.0000000000000       1.156698466776242E-003  0.000000000000000E+000
   73.0000000000000       1.140853282299855E-003  0.000000000000000E+000
   74.0000000000000       1.125436346052560E-003  0.000000000000000E+000
   75.0000000000000       1.110430528105192E-003  0.000000000000000E+000
   76.0000000000000       1.095819600103808E-003  0.000000000000000E+000
   77.0000000000000       1.081588176725837E-003  0.000000000000000E+000
   78.0000000000000       1.067721661639608E-003  0.000000000000000E+000
   79.0000000000000       1.054206197568221E-003  0.000000000000000E+000
   80.0000000000000       1.041028620098618E-003  0.000000000000000E+000
   81.0000000000000       1.028176414912215E-003  0.000000000000000E+000
   82.0000000000000       1.015637678144993E-003  0.000000000000000E+000
   83.0000000000000       1.003401079613126E-003  0.000000000000000E+000
   84.0000000000000       9.914558286653503E-004  0.000000000000000E+000
   85.0000000000000       9.797916424457581E-004  0.000000000000000E+000
   86.0000000000000       9.683987163708073E-004  0.000000000000000E+000
   87.0000000000000       9.572676966424072E-004  0.000000000000000E+000
   88.0000000000000       9.463896546351071E-004  0.000000000000000E+000
   89.0000000000000       9.357560630099935E-004  0.000000000000000E+000
   90.0000000000000       9.253587734209936E-004  0.000000000000000E+000
   91.0000000000000       9.151899956910926E-004  0.000000000000000E+000
   92.0000000000000       9.052422783466242E-004  0.000000000000000E+000
   93.0000000000000       8.955084904074132E-004  0.000000000000000E+000
   94.0000000000000       8.859818043392493E-004  0.000000000000000E+000
   95.0000000000000       8.766556800830466E-004  0.000000000000000E+000
   96.0000000000000       8.675238500821815E-004  0.000000000000000E+000
   97.0000000000000       8.585803052359735E-004  0.000000000000000E+000
   98.0000000000000       8.498192817131574E-004  0.000000000000000E+000
   99.0000000000000       8.412352485645397E-004  0.000000000000000E+000
   100.000000000000       8.328228960788942E-004  0.000000000000000E+000
   101.000000000000       8.245771248305884E-004  0.000000000000000E+000
   102.000000000000       8.164930353714650E-004  0.000000000000000E+000
   103.000000000000       8.085659185231984E-004  0.000000000000000E+000
   104.000000000000       8.007912462297060E-004  0.000000000000000E+000
   105.000000000000       7.931646629322803E-004  0.000000000000000E+000
   106.000000000000       7.856819774329191E-004  0.000000000000000E+000
   107.000000000000       7.783391552139199E-004  0.000000000000000E+000
   108.000000000000       7.711323111841613E-004  0.000000000000000E+000
   109.000000000000       7.640577028246736E-004  0.000000000000000E+000
   110.000000000000       7.571117237080857E-004  0.000000000000000E+000
   111.000000000000       7.502908973683732E-004  0.000000000000000E+000
   112.000000000000       7.435918714990128E-004  0.000000000000000E+000
   113.000000000000       7.370114124591985E-004  0.000000000000000E+000
   114.000000000000       7.305464000692055E-004  0.000000000000000E+000
   115.000000000000       7.241938226772994E-004  0.000000000000000E+000
   116.000000000000       7.179507724818054E-004  0.000000000000000E+000
   117.000000000000       7.118144410930721E-004  0.000000000000000E+000
   118.000000000000       7.057821153210968E-004  0.000000000000000E+000
   119.000000000000       6.998511731755414E-004  0.000000000000000E+000
   120.000000000000       6.940190800657452E-004  0.000000000000000E+000
   121.000000000000       6.882833851891688E-004  0.000000000000000E+000
   122.000000000000       6.826417180974543E-004  0.000000000000000E+000
   123.000000000000       6.770917854299953E-004  0.000000000000000E+000
   124.000000000000       6.716313678055599E-004  0.000000000000000E+000
   125.000000000000       6.662583168631155E-004  0.000000000000000E+000
   126.000000000000       6.609705524435669E-004  0.000000000000000E+000
   127.000000000000       6.557660599046412E-004  0.000000000000000E+000
   128.000000000000       6.506428875616362E-004  0.000000000000000E+000
   129.000000000000       6.455991442472048E-004  0.000000000000000E+000
   130.000000000000       6.406329969837649E-004  0.000000000000000E+000
   131.000000000000       6.357426687625147E-004  0.000000000000000E+000
   132.000000000000       6.309264364234048E-004  0.000000000000000E+000
   133.000000000000       6.261826286307476E-004  0.000000000000000E+000
   134.000000000000       6.215096239394733E-004  0.000000000000000E+000
   135.000000000000       6.169058489473291E-004  0.000000000000000E+000
   136.000000000000       6.123697765285988E-004  0.000000000000000E+000
   137.000000000000       6.078999241451783E-004  0.000000000000000E+000
   138.000000000000       6.034948522310828E-004  0.000000000000000E+000
   139.000000000000       5.991531626466865E-004  0.000000000000000E+000
   140.000000000000       5.948734971992102E-004  0.000000000000000E+000
   141.000000000000       5.906545362261661E-004  0.000000000000000E+000
   142.000000000000       5.864949972386580E-004  0.000000000000000E+000
   143.000000000000       5.823936336216044E-004  0.000000000000000E+000
   144.000000000000       5.783492333881210E-004  0.000000000000000E+000
   145.000000000000       5.743606179854444E-004  0.000000000000000E+000
   146.000000000000       5.704266411499276E-004  0.000000000000000E+000
   147.000000000000       5.665461878087716E-004  0.000000000000000E+000
   148.000000000000       5.627181730262800E-004  0.000000000000000E+000
   149.000000000000       5.589415409925465E-004  0.000000000000000E+000
   150.000000000000       5.552152640525962E-004  0.000000000000000E+000
   151.000000000000       5.515383417741021E-004  0.000000000000000E+000
   152.000000000000       5.479098000519041E-004  0.000000000000000E+000
   153.000000000000       5.443286902476433E-004  0.000000000000000E+000
   154.000000000000       5.407940883629184E-004  0.000000000000000E+000
   155.000000000000       5.373050942444479E-004  0.000000000000000E+000
   156.000000000000       5.338608308198041E-004  0.000000000000000E+000
   157.000000000000       5.304604433623531E-004  0.000000000000000E+000
   158.000000000000       5.271030987841104E-004  0.000000000000000E+000
   159.000000000000       5.237879849552794E-004  0.000000000000000E+000
   160.000000000000       5.205143100493090E-004  0.000000000000000E+000
   161.000000000000       5.172813019123567E-004  0.000000000000000E+000
   162.000000000000       5.140882074561076E-004  0.000000000000000E+000
   163.000000000000       5.109342920729412E-004  0.000000000000000E+000
   164.000000000000       5.078188390724965E-004  0.000000000000000E+000
   165.000000000000       5.047411491387238E-004  0.000000000000000E+000
   166.000000000000       5.017005398065628E-004  0.000000000000000E+000
   167.000000000000       4.986963449574218E-004  0.000000000000000E+000
   168.000000000000       4.957279143326752E-004  0.000000000000000E+000
   169.000000000000       4.927946130644345E-004  0.000000000000000E+000
   170.000000000000       4.898958212228790E-004  0.000000000000000E+000
   171.000000000000       4.870309333794703E-004  0.000000000000000E+000
   172.000000000000       4.841993581854036E-004  0.000000000000000E+000
   173.000000000000       4.814005179646788E-004  0.000000000000000E+000
   174.000000000000       4.786338483212036E-004  0.000000000000000E+000
   175.000000000000       4.758987977593682E-004  0.000000000000000E+000
   176.000000000000       4.731948273175536E-004  0.000000000000000E+000
   177.000000000000       4.705214102140645E-004  0.000000000000000E+000
   178.000000000000       4.678780315049968E-004  0.000000000000000E+000
   179.000000000000       4.652641877535722E-004  0.000000000000000E+000
   180.000000000000       4.626793867104968E-004  0.000000000000000E+000
   181.000000000000       4.601231470049140E-004  0.000000000000000E+000
   182.000000000000       4.575949978455463E-004  0.000000000000000E+000
   183.000000000000       4.550944787316362E-004  0.000000000000000E+000
   184.000000000000       4.526211391733121E-004  0.000000000000000E+000
   185.000000000000       4.501745384210239E-004  0.000000000000000E+000
   186.000000000000       4.477542452037066E-004  0.000000000000000E+000
   187.000000000000       4.453598374753445E-004  0.000000000000000E+000
   188.000000000000       4.429909021696246E-004  0.000000000000000E+000
   189.000000000000       4.406470349623779E-004  0.000000000000000E+000
   190.000000000000       4.383278400415233E-004  0.000000000000000E+000
   191.000000000000       4.360329298842378E-004  0.000000000000000E+000
   192.000000000000       4.337619250410908E-004  0.000000000000000E+000
   193.000000000000       4.315144539268882E-004  0.000000000000000E+000
   194.000000000000       4.292901526179867E-004  0.000000000000000E+000
   195.000000000000       4.270886646558432E-004  0.000000000000000E+000
   196.000000000000       4.249096408565787E-004  0.000000000000000E+000
   197.000000000000       4.227527391263423E-004  0.000000000000000E+000
   198.000000000000       4.206176242822698E-004  0.000000000000000E+000
   199.000000000000       4.185039678788413E-004  0.000000000000000E+000
   200.000000000000       4.164114480394471E-004  0.000000000000000E+000
   201.000000000000       4.143397492929822E-004  0.000000000000000E+000
   202.000000000000       4.122885624152942E-004  0.000000000000000E+000
   203.000000000000       4.102575842753174E-004  0.000000000000000E+000
   204.000000000000       4.082465176857325E-004  0.000000000000000E+000
   205.000000000000       4.062550712579972E-004  0.000000000000000E+000
   206.000000000000       4.042829592615992E-004  0.000000000000000E+000
   207.000000000000       4.023299014873885E-004  0.000000000000000E+000
   208.000000000000       4.003956231148530E-004  0.000000000000000E+000
   209.000000000000       3.984798545832030E-004  0.000000000000000E+000
   210.000000000000       3.965823314661402E-004  0.000000000000000E+000
   211.000000000000       3.947027943501868E-004  0.000000000000000E+000
   212.000000000000       3.928409887164595E-004  0.000000000000000E+000
   213.000000000000       3.909966648257720E-004  0.000000000000000E+000
   214.000000000000       3.891695776069600E-004  0.000000000000000E+000
   215.000000000000       3.873594865483229E-004  0.000000000000000E+000
   216.000000000000       3.855661555920807E-004  0.000000000000000E+000
   217.000000000000       3.837893530317485E-004  0.000000000000000E+000
   218.000000000000       3.820288514123368E-004  0.000000000000000E+000
   219.000000000000       3.802844274332850E-004  0.000000000000000E+000
   220.000000000000       3.785558618540429E-004  0.000000000000000E+000
   221.000000000000       3.768429394022146E-004  0.000000000000000E+000
   222.000000000000       3.751454486841866E-004  0.000000000000000E+000
   223.000000000000       3.734631820981589E-004  0.000000000000000E+000
   224.000000000000       3.717959357495064E-004  0.000000000000000E+000
   225.000000000000       3.701435093683975E-004  0.000000000000000E+000
   226.000000000000       3.685057062295993E-004  0.000000000000000E+000
   227.000000000000       3.668823330744028E-004  0.000000000000000E+000
   228.000000000000       3.652732000346028E-004  0.000000000000000E+000
   229.000000000000       3.636781205584691E-004  0.000000000000000E+000
   230.000000000000       3.620969113386497E-004  0.000000000000000E+000
   231.000000000000       3.605293922419456E-004  0.000000000000000E+000
   232.000000000000       3.589753862409027E-004  0.000000000000000E+000
   233.000000000000       3.574347193471649E-004  0.000000000000000E+000
   234.000000000000       3.559072205465360E-004  0.000000000000000E+000
   235.000000000000       3.543927217356997E-004  0.000000000000000E+000
   236.000000000000       3.528910576605484E-004  0.000000000000000E+000
   237.000000000000       3.514020658560735E-004  0.000000000000000E+000
   238.000000000000       3.499255865877707E-004  0.000000000000000E+000
   239.000000000000       3.484614627945165E-004  0.000000000000000E+000
   240.000000000000       3.470095400328726E-004  0.000000000000000E+000
   241.000000000000       3.455696664227777E-004  0.000000000000000E+000
   242.000000000000       3.441416925945844E-004  0.000000000000000E+000
   243.000000000000       3.427254716374051E-004  0.000000000000000E+000
   244.000000000000       3.413208590487272E-004  0.000000000000000E+000
   245.000000000000       3.399277126852630E-004  0.000000000000000E+000
   246.000000000000       3.385458927149977E-004  0.000000000000000E+000
   247.000000000000       3.371752615704025E-004  0.000000000000000E+000
   248.000000000000       3.358156839027799E-004  0.000000000000000E+000
   249.000000000000       3.344670265377086E-004  0.000000000000000E+000
   250.000000000000       3.331291584315577E-004  0.000000000000000E+000
   251.000000000000       3.318019506290415E-004  0.000000000000000E+000
   252.000000000000       3.304852762217834E-004  0.000000000000000E+000
   253.000000000000       3.291790103078634E-004  0.000000000000000E+000
   254.000000000000       3.278830299523206E-004  0.000000000000000E+000
   255.000000000000       3.265972141485860E-004  0.000000000000000E+000
   256.000000000000       3.253214437808181E-004  0.000000000000000E+000
   257.000000000000       3.240556015871184E-004  0.000000000000000E+000
   258.000000000000       3.227995721236024E-004  0.000000000000000E+000
   259.000000000000       3.215532417293028E-004  0.000000000000000E+000
   260.000000000000       3.203164984918824E-004  0.000000000000000E+000
   261.000000000000       3.190892322141357E-004  0.000000000000000E+000
   262.000000000000       3.178713343812573E-004  0.000000000000000E+000
   263.000000000000       3.166626981288571E-004  0.000000000000000E+000
   264.000000000000       3.154632182117024E-004  0.000000000000000E+000
   265.000000000000       3.142727909731676E-004  0.000000000000000E+000
   266.000000000000       3.130913143153738E-004  0.000000000000000E+000
   267.000000000000       3.119186876699979E-004  0.000000000000000E+000
   268.000000000000       3.107548119697367E-004  0.000000000000000E+000
   269.000000000000       3.095995896204068E-004  0.000000000000000E+000
   270.000000000000       3.084529244736645E-004  0.000000000000000E+000
   271.000000000000       3.073147218003300E-004  0.000000000000000E+000
   272.000000000000       3.061848882642994E-004  0.000000000000000E+000
   273.000000000000       3.050633318970309E-004  0.000000000000000E+000
   274.000000000000       3.039499620725892E-004  0.000000000000000E+000
   275.000000000000       3.028446894832343E-004  0.000000000000000E+000
   276.000000000000       3.017474261155414E-004  0.000000000000000E+000
   277.000000000000       3.006580852270376E-004  0.000000000000000E+000
   278.000000000000       2.995765813233433E-004  0.000000000000000E+000
   279.000000000000       2.985028301358044E-004  0.000000000000000E+000
   280.000000000000       2.974367485996051E-004  0.000000000000000E+000
   281.000000000000       2.963782548323467E-004  0.000000000000000E+000
   282.000000000000       2.953272681130831E-004  0.000000000000000E+000
   283.000000000000       2.942837088618001E-004  0.000000000000000E+000
   284.000000000000       2.932474986193290E-004  0.000000000000000E+000
   285.000000000000       2.922185600276822E-004  0.000000000000000E+000
   286.000000000000       2.911968168108022E-004  0.000000000000000E+000
   287.000000000000       2.901821937557123E-004  0.000000000000000E+000
   288.000000000000       2.891746166940605E-004  0.000000000000000E+000
   289.000000000000       2.881740124840464E-004  0.000000000000000E+000
   290.000000000000       2.871803089927222E-004  0.000000000000000E+000
   291.000000000000       2.861934350786579E-004  0.000000000000000E+000
   292.000000000000       2.852133205749638E-004  0.000000000000000E+000
   293.000000000000       2.842398962726602E-004  0.000000000000000E+000
   294.000000000000       2.832730939043858E-004  0.000000000000000E+000
   295.000000000000       2.823128461284387E-004  0.000000000000000E+000
   296.000000000000       2.813590865131400E-004  0.000000000000000E+000
   297.000000000000       2.804117495215132E-004  0.000000000000000E+000
   298.000000000000       2.794707704962733E-004  0.000000000000000E+000
   299.000000000000       2.785360856451151E-004  0.000000000000000E+000
   300.000000000000       2.776076320262981E-004  0.000000000000000E+000
   301.000000000000       2.766853475345164E-004  0.000000000000000E+000
   302.000000000000       2.757691708870511E-004  0.000000000000000E+000
   303.000000000000       2.748590416101962E-004  0.000000000000000E+000
   304.000000000000       2.739549000259521E-004  0.000000000000000E+000
   305.000000000000       2.730566872389817E-004  0.000000000000000E+000
   306.000000000000       2.721643451238216E-004  0.000000000000000E+000
   307.000000000000       2.712778163123434E-004  0.000000000000000E+000
   308.000000000000       2.703970441814592E-004  0.000000000000000E+000
   309.000000000000       2.695219728410661E-004  0.000000000000000E+000
   310.000000000000       2.686525471222240E-004  0.000000000000000E+000
   311.000000000000       2.677887125655608E-004  0.000000000000000E+000
   312.000000000000       2.669304154099020E-004  0.000000000000000E+000
