  0.000000000000000E+000 -0.236584773136526       1.908145800996394E-006
  7.812500000000000E-003 -0.236586520948541      -2.649958146889569E-003
  1.562500000000000E-002 -0.236505960948517      -4.661696979987856E-003
  2.343750000000000E-002 -0.238349871913827      -7.306102179244249E-003
  3.125000000000000E-002 -0.239831148078572      -1.074267979148520E-002
  3.906250000000000E-002 -0.244925528616674      -1.839728577180992E-002
  4.687500000000000E-002 -0.226803807868931      -2.461159497951847E-002
  5.468750000000000E-002 -0.230863867322909      -2.167900425847529E-002
  6.250000000000000E-002 -0.230801270099988      -2.597349184861760E-002
  7.031250000000000E-002 -0.228663885394652      -2.756812832513391E-002
  7.812500000000000E-002 -0.228354469312537      -2.892229143235100E-002
  8.593750000000000E-002 -0.231931189428431      -3.117020039278089E-002
  9.375000000000000E-002 -0.234338537676087      -4.318353497475876E-002
  0.101562500000000      -0.221997526194733      -4.900462042255807E-002
  0.109375000000000      -0.217168092002169      -5.062694811999609E-002
  0.117187500000000      -0.205587550678457      -5.342753616317166E-002
  0.125000000000000      -0.195332324842231      -4.815298779865208E-002
  0.132812500000000      -0.195279744117101      -3.752820223501074E-002
  0.140625000000000      -0.197091784603174      -3.336024881201969E-002
  0.148437500000000      -0.200706360441211      -3.140264560992347E-002
  0.156250000000000      -0.203355393177733      -3.209895896946800E-002
  0.164062500000000      -0.203533505915156      -3.526361169300001E-002
  0.171875000000000      -0.201279057276686      -3.632211078916642E-002
  0.179687500000000      -0.198734603153740      -3.597049191753031E-002
  0.187500000000000      -0.195975007308049      -3.311032307569303E-002
  0.195312500000000      -0.196193903316876      -2.695002660868228E-002
  0.203125000000000      -0.202429443603175      -2.542969073623655E-002
  0.210937500000000      -0.205905413245433      -2.636392409301437E-002
  0.218750000000000      -0.208798685421029      -2.840266941197665E-002
  0.226562500000000      -0.209903231673617      -3.054362888762948E-002
  0.234375000000000      -0.210495089959841      -3.188955370372031E-002
  0.242187500000000      -0.211806066024615      -3.284902872225254E-002
  0.250000000000000      -0.213124656726358      -3.416739704511215E-002
  0.257812500000000      -0.215502064540194      -3.593468307422483E-002
  0.265625000000000      -0.215000091921895      -4.029509629589892E-002
  0.273437500000000      -0.212806645022453      -4.216771862567969E-002
  0.281250000000000      -0.209913990444195      -4.085815772708461E-002
  0.289062500000000      -0.211470352766622      -3.893560212178740E-002
  0.296875000000000      -0.212377548244160      -3.764306429100769E-002
  0.304687500000000      -0.213920346052968      -3.298964159310092E-002
  0.312500000000000      -0.223718559907114      -3.207629968577878E-002
  0.320312500000000      -0.231628364699299      -3.486582769137855E-002
  0.328125000000000      -0.241101260165251      -4.048028263448197E-002
  0.335937500000000      -0.245598388164088      -5.535065559725215E-002
  0.343750000000000      -0.242459707518369      -6.680758867514117E-002
  0.351562500000000      -0.235097623352443      -7.585574288145090E-002
  0.359375000000000      -0.222994959472337      -7.514911628254634E-002
  0.367187500000000      -0.221481970012253      -6.992748393191776E-002
  0.375000000000000      -0.223583281897904      -6.652858580104069E-002
  0.382812500000000      -0.229494357554630      -6.534082592240484E-002
  0.390625000000000      -0.234032183204013      -7.057790859462816E-002
  0.398437500000000      -0.236479409496877      -7.427834822711307E-002
  0.406250000000000      -0.239444291604740      -7.817866166017494E-002
  0.414062500000000      -0.242720595652952      -8.281619862105113E-002
  0.421875000000000      -0.246872121606466      -8.847487874417831E-002
  0.429687500000000      -0.251426465663859      -9.592782025599135E-002
  0.437500000000000      -0.256698254345645      -0.106015752876761     
  0.445312500000000      -0.262581216809781      -0.123639923427243     
  0.453125000000000      -0.255965071946606      -0.143165918834487     
  0.460937500000000      -0.246467264458909      -0.160599523696403     
  0.468750000000000      -0.231691101211523      -0.178021905309634     
  0.476562500000000      -0.205642081780039      -0.192971127566147     
  0.484375000000000      -0.179719558614191      -0.186584097479712     
  0.492187500000000      -0.162637235342725      -0.179958305746835     
  0.500000000000000      -0.147239815563333      -0.172229768805925     
  0.507812500000000      -0.132251368995370      -0.160935250432786     
  0.515625000000000      -0.125367748540836      -0.142270700161256     
  0.523437500000000      -0.125077615675440      -0.130241846626221     
  0.531250000000000      -0.125134239847213      -0.120686493961142     
  0.539062500000000      -0.125530282374599      -0.111799927690760     
  0.546875000000000      -0.127241363762640      -0.101466978185083     
  0.554687500000000      -0.133986449179922      -9.498536506868023E-002
  0.562500000000000      -0.139231348794277      -9.127672879171525E-002
  0.570312500000000      -0.143872950680451      -8.859603355311856E-002
  0.578125000000000      -0.148365987943625      -8.652043382576356E-002
  0.585937500000000      -0.153589874287107      -8.511489843187273E-002
  0.593750000000000      -0.158264573517672      -8.576298943037293E-002
  0.601562500000000      -0.162119271265967      -8.681705645543493E-002
  0.609375000000000      -0.165723019351617      -8.814048438306035E-002
  0.617187500000000      -0.169614615481312      -8.986751329496701E-002
  0.625000000000000      -0.174679738041091      -9.444065822653074E-002
  0.632812500000000      -0.175021794444789      -0.100434944724864     
  0.640625000000000      -0.173867803470626      -0.105185849270904     
  0.648437500000000      -0.171463165654512      -0.109069289102170     
  0.656250000000000      -0.167689314139395      -0.111719058499405     
  0.664062500000000      -0.162008074401113      -0.111401898027124     
  0.671875000000000      -0.161821809864370      -0.107455095482346     
  0.679687500000000      -0.162595248938288      -0.106124090661394     
  0.687500000000000      -0.163565687993584      -0.105249767146261     
  0.695312500000000      -0.165047912656662      -0.104417058348121     
  0.703125000000000      -0.167756426749888      -0.103860928895233     
  0.710937500000000      -0.171663457349005      -0.105921513533504     
  0.718750000000000      -0.173108457325371      -0.109080421817803     
  0.726562500000000      -0.173806862918061      -0.111682049287646     
  0.734375000000000      -0.174465136575895      -0.113893175404127     
  0.742187500000000      -0.175457632937002      -0.115991496260702     
  0.750000000000000      -0.177325976826684      -0.118286187757899     
  0.757812500000000      -0.180032113613422      -0.124020036040694     
  0.765625000000000      -0.179140726324505      -0.130740325563085     
  0.773437500000000      -0.176164898663891      -0.137269266538046     
  0.781250000000000      -0.170741166954848      -0.143262816239076     
  0.789062500000000      -0.162135310919617      -0.147549351078385     
  0.796875000000000      -0.149676273937759      -0.147034741957392     
  0.804687500000000      -0.142419465058327      -0.133569132100931     
  0.812500000000000      -0.145490987489568      -0.125847688362693     
  0.820312500000000      -0.149325769081415      -0.121362376943706     
  0.828125000000000      -0.153680768932203      -0.118482064739498     
  0.835937500000000      -0.158808174521209      -0.116709422769584     
  0.843750000000000      -0.165459036222677      -0.116244815832235     
  0.851562500000000      -0.174984199111770      -0.121673384347501     
  0.859375000000000      -0.175026618859750      -0.129355330120191     
  0.867187500000000      -0.174288702834230      -0.133644066262942     
  0.875000000000000      -0.173663676852785      -0.136558335817025     
  0.882812500000000      -0.173469245930032      -0.138673344578544     
  0.890625000000000      -0.174033679755228      -0.140386294045359     
  0.898437500000000      -0.175872851498946      -0.142423421962488     
  0.906250000000000      -0.177503077758389      -0.147826153040062     
  0.914062500000000      -0.175802581250671      -0.151673784900067     
  0.921875000000000      -0.174248038866538      -0.153899294204940     
  0.929687500000000      -0.173319433277263      -0.155072236491411     
  0.937500000000000      -0.173396010400062      -0.155504975633469     
  0.945312500000000      -0.174953229643363      -0.155521911862151     
  0.953125000000000      -0.178810056649642      -0.155740573213698     
  0.960937500000000      -0.185922792240621      -0.160167452513754     
  0.968750000000000      -0.188638711881049      -0.167341311986924     
  0.976562500000000      -0.190268957910057      -0.173983158076027     
  0.984375000000000      -0.191453604758886      -0.180628765742707     
  0.992187500000000      -0.192331566376086      -0.187537000077721     
   1.00000000000000      -0.192857647909127      -0.194904683119069     
   1.00781250000000      -0.192783879360976      -0.202858196951500     
   1.01562500000000      -0.191322441824343      -0.211061729624618     
   1.02343750000000      -0.190812113736789      -0.217839597386249     
   1.03125000000000      -0.190660219562105      -0.226607700326204     
   1.03906250000000      -0.189816923264137      -0.236859100275523     
   1.04687500000000      -0.187823050872871      -0.248626579243842     
   1.05468750000000      -0.184042369864173      -0.262030282266032     
   1.06250000000000      -0.177431444568455      -0.277161889207468     
   1.07031250000000      -0.166006099258689      -0.293881726579575     
   1.07812500000000      -0.142508963938172      -0.308766275026485     
   1.08593750000000      -0.121527035066426      -0.306928156846255     
   1.09375000000000      -0.106245546626025      -0.303691200582578     
   1.10156250000000      -9.389491054240839E-002 -0.299555814031134     
   1.10937500000000      -8.388891532595941E-002 -0.294812222102458     
   1.11718750000000      -7.612132263398932E-002 -0.289775392154480     
   1.12500000000000      -7.071351477537539E-002 -0.284922521769343     
   1.13281250000000      -6.794332557987506E-002 -0.281116411834259     
   1.14062500000000      -6.862792897566516E-002 -0.280796278212192     
   1.14843750000000      -6.336136851626190E-002 -0.286384767115213     
   1.15625000000000      -5.599512512994487E-002 -0.288880699524817     
   1.16406250000000      -4.812764177611377E-002 -0.290299701318197     
   1.17187500000000      -3.992599573659397E-002 -0.290916935690854     
   1.17968750000000      -3.147976369590011E-002 -0.290734127851033     
   1.18750000000000      -2.292194522616633E-002 -0.289623454873774     
   1.19531250000000      -1.452674555212101E-002 -0.287353597130614     
   1.20312500000000      -6.965456998984014E-003 -0.283536139256157     
   1.21093750000000      -3.568084310049219E-003 -0.279285766706013     
   1.21875000000000       3.323507458697921E-004 -0.279424009447060     
   1.22656250000000       5.925550993986815E-003 -0.280174205765001     
   1.23437500000000       1.283433336207068E-002 -0.280994625268661     
   1.24218750000000       2.099752243269882E-002 -0.281530368124919     
   1.25000000000000       3.041936565545468E-002 -0.281412085587831     
   1.25781250000000       4.109821643563901E-002 -0.280174614909142     
   1.26562500000000       5.296201897117325E-002 -0.277161355150559     
   1.27343750000000       6.576467073293454E-002 -0.271259356189404     
   1.28125000000000       7.611816151121314E-002 -0.259292453504971     
   1.28906250000000       8.067006692361181E-002 -0.249676661231428     
   1.29687500000000       8.479254811761532E-002 -0.241662351074280     
   1.30468750000000       8.867854266442599E-002 -0.234295394536682     
   1.31250000000000       9.236929351313740E-002 -0.227222637551831     
   1.32031250000000       9.585187107770329E-002 -0.220252324208396     
   1.32812500000000       9.908193813885330E-002 -0.213272385866654     
   1.33593750000000       0.102014325911551      -0.206242830312163     
   1.34375000000000       0.104804564687075      -0.199167199669352     
   1.35156250000000       0.107924186590683      -0.190329610513501     
   1.35937500000000       0.105899898404068      -0.182310945334888     
   1.36718750000000       0.105018038603325      -0.177085744055394     
   1.37500000000000       0.104830910238043      -0.172544992515183     
   1.38281250000000       0.105135133953925      -0.168315452137410     
   1.39062500000000       0.105821892218285      -0.164201300427147     
   1.39843750000000       0.106810541017358      -0.160061804072578     
   1.40625000000000       0.108022744558533      -0.155773612294490     
   1.41406250000000       0.109362159912200      -0.151210332181643     
   1.42187500000000       0.110683052084615      -0.146213777757057     
   1.42968750000000       0.111658296729685      -0.140357517882314     
   1.43750000000000       0.110574251282560      -0.135151972262593     
   1.44531250000000       0.109909832354934      -0.131159865594598     
   1.45312500000000       0.109626014724926      -0.127639374265473     
   1.46093750000000       0.109758830648711      -0.124399248903099     
   1.46875000000000       0.110383961074088      -0.121282643135597     
   1.47656250000000       0.111589977665455      -0.118084430661487     
   1.48437500000000       0.113426702015322      -0.114497509972195     
   1.49218750000000       0.115801729816479      -0.110088639340923     
   1.50000000000000       0.118321254216618      -0.104355504879156     
   1.50781250000000       0.120109573250101      -9.689039921215299E-002
   1.51562500000000       0.118782794131200      -8.870733636962157E-002
   1.52343750000000       0.116916075734583      -8.262995686846496E-002
   1.53125000000000       0.115166001976846      -7.691043470481418E-002
   1.53906250000000       0.113304858871579      -7.128645771823051E-002
   1.54687500000000       0.111194835744479      -6.567920200386587E-002
   1.55468750000000       0.108717722929541      -6.007633155572303E-002
   1.56250000000000       0.105756908346124      -5.451044195387875E-002
   1.57031250000000       0.102189581186114      -4.905979149959560E-002
   1.57812500000000       9.787995955906480E-002 -4.386288201498977E-002
   1.58593750000000       9.266172583282896E-002 -3.915914438769216E-002
   1.59375000000000       8.623425933663646E-002 -3.545927571157521E-002
   1.60156250000000       7.987012327243545E-002 -3.516222436026562E-002
   1.60937500000000       7.595144675854723E-002 -3.470318926365145E-002
   1.61718750000000       7.239402356677951E-002 -3.388935735743096E-002
   1.62500000000000       6.893644520522897E-002 -3.298481354276642E-002
   1.63281250000000       6.546717582151441E-002 -3.212403425384539E-002
   1.64062500000000       6.192483635780555E-002 -3.141354240953181E-002
   1.64843750000000       5.827565823009945E-002 -3.095875603859173E-002
   1.65625000000000       5.450737964230508E-002 -3.087820612979331E-002
   1.66406250000000       5.062905411468832E-002 -3.131872606796761E-002
   1.67187500000000       4.667358798150512E-002 -3.248621537233281E-002
   1.67968750000000       4.269959194550409E-002 -3.475094707297541E-002
   1.68750000000000       3.913573051582669E-002 -3.994550979869622E-002
   1.69531250000000       4.096003321050157E-002 -4.439053008776321E-002
   1.70312500000000       4.291395783597134E-002 -4.655963562999689E-002
   1.71093750000000       4.485303377155091E-002 -4.772134230409807E-002
   1.71875000000000       4.676632542023704E-002 -4.821710216895114E-002
   1.72656250000000       4.866132793706722E-002 -4.820345383594356E-002
   1.73437500000000       5.055050919118644E-002 -4.776038183411473E-002
   1.74218750000000       5.244873129269712E-002 -4.692472877514525E-002
   1.75000000000000       5.437381560696011E-002 -4.570094322948171E-002
   1.75781250000000       5.634935186875394E-002 -4.405889954331416E-002
   1.76562500000000       5.841169381734450E-002 -4.191331424449973E-002
   1.77343750000000       6.063108167966428E-002 -3.904178804765596E-002
   1.78125000000000       6.324441196444011E-002 -3.420175466565663E-002
   1.78906250000000       6.167868357400490E-002 -2.875557244223870E-002
   1.79687500000000       5.993348728515628E-002 -2.501297822595717E-002
   1.80468750000000       5.810475056945760E-002 -2.185708061929503E-002
   1.81250000000000       5.620430450517246E-002 -1.906424042714253E-002
   1.82031250000000       5.423550863856524E-002 -1.653813663848143E-002
   1.82812500000000       5.219969598125370E-002 -1.422932770936634E-002
   1.83593750000000       5.009813710587900E-002 -1.211134407168449E-002
   1.84375000000000       4.793311255744193E-002 -1.017113980386926E-002
   1.85156250000000       4.570891953798186E-002 -8.404732478143885E-003
   1.85937500000000       4.343333810344219E-002 -6.815324867629426E-003
   1.86718750000000       4.112067882454621E-002 -5.413436376417706E-003
   1.87500000000000       3.880176512146164E-002 -4.222001484518275E-003
   1.88281250000000       3.664819901467149E-002 -3.238550006328259E-003
   1.89062500000000       3.451799367831667E-002 -2.157985168283758E-003
   1.89843750000000       3.229673742934627E-002 -1.155912015175366E-003
   1.90625000000000       3.000642153598387E-002 -2.667957988759921E-004
   1.91406250000000       2.765514196026765E-002  4.893593011460672E-004
   1.92187500000000       2.524870511921398E-002  1.094005296433128E-003
   1.92968750000000       2.279295190422187E-002  1.526826951008084E-003
   1.93750000000000       2.029477765307136E-002  1.763688535171899E-003
   1.94531250000000       1.776291848846042E-002  1.774171591423165E-003
   1.95312500000000       1.520890071157221E-002  1.517462144513345E-003
   1.96093750000000       1.264861968458662E-002  9.340465984792027E-004
   1.96875000000000       1.010579694623414E-002 -7.457508416678144E-005
   1.97656250000000       7.622869794240157E-003 -1.713412436529581E-003
   1.98437500000000       5.420881644085292E-003 -4.982180980614536E-003
   1.99218750000000       6.576853983360630E-003 -7.648456718178454E-003
   2.00000000000000       7.609105259049839E-003 -8.898609762652427E-003
   2.00781250000000       8.637219178351210E-003 -9.531156552648214E-003
   2.01562500000000       9.670072279233388E-003 -9.696858652388592E-003
   2.02343750000000       1.069716291677942E-002 -9.449629950645527E-003
   2.03125000000000       1.169690432443337E-002 -8.806781559102994E-003
   2.03906250000000       1.263787278508394E-002 -7.767131214018216E-003
   2.04687500000000       1.347796561400621E-002 -6.318241511000002E-003
   2.05468750000000       1.416222746225172E-002 -4.439379672562700E-003
   2.06250000000000       1.461888990915891E-002 -2.101578225070244E-003
   2.07031250000000       1.475163094442722E-002  7.365340237080391E-004
   2.07812500000000       1.442123476361422E-002  4.143941901825742E-003
   2.08593750000000       1.338513839920579E-002  8.277513848903351E-003
   2.09375000000000       1.053394114069062E-002  1.402491413339622E-002
   2.10156250000000       4.349207861053654E-003  1.632983132603103E-002
   2.10937500000000      -5.857473120919519E-004  1.704764097031907E-002
   2.11718750000000      -4.984621933504522E-003  1.710020781303019E-002
   2.12500000000000      -9.020701028963168E-003  1.670399763212820E-002
   2.13281250000000      -1.277434169492129E-002  1.595656460586459E-002
   2.14062500000000      -1.628926562359786E-002  1.490990179169206E-002
   2.14843750000000      -1.959012247570475E-002  1.359295377347383E-002
   2.15625000000000      -2.268960263800410E-002  1.202049139044498E-002
   2.16406250000000      -2.559147751807498E-002  1.019667057940854E-002
   2.17187500000000      -2.829141381159497E-002  8.115605290858424E-003
   2.17968750000000      -3.077578298235339E-002  5.759063923126441E-003
   2.18750000000000      -3.301715991545638E-002  3.089108577428348E-003
   2.19531250000000      -3.496080135390364E-002  2.654163589126558E-005
   2.20312500000000      -3.646921404389163E-002 -3.637460624818690E-003
   2.21093750000000      -3.601859386752106E-002 -8.221566686361013E-003
   2.21875000000000      -3.455001569005476E-002 -1.052877445612369E-002
   2.22656250000000      -3.347737980161176E-002 -1.214912016979769E-002
   2.23437500000000      -3.260170816882063E-002 -1.341306419052206E-002
   2.24218750000000      -3.185578526205259E-002 -1.443467305243793E-002
   2.25000000000000      -3.120638923548898E-002 -1.527192907663653E-002
   2.25781250000000      -3.063468978065216E-002 -1.595920012492426E-002
   2.26562500000000      -3.012952361845092E-002 -1.651853328657971E-002
   2.27343750000000      -2.968452325420163E-002 -1.696460890676994E-002
   2.28125000000000      -2.929679600727770E-002 -1.730718199779787E-002
   2.28906250000000      -2.896641661615455E-002 -1.755228772121189E-002
   2.29687500000000      -2.869655189812395E-002 -1.770263930256165E-002
   2.30468750000000      -2.849444221212458E-002 -1.775716805608059E-002
   2.31250000000000      -2.837433933191372E-002 -1.770888061619033E-002
   2.32031250000000      -2.836753251868015E-002 -1.753688851446844E-002
   2.32812500000000      -2.860128582665675E-002 -1.714186568192488E-002
   2.33593750000000      -2.937854298387325E-002 -1.718887577907303E-002
   2.34375000000000      -2.991015728843681E-002 -1.746997093667158E-002
   2.35156250000000      -3.035638745443133E-002 -1.780072171316760E-002
   2.35937500000000      -3.075224066484366E-002 -1.815430460821166E-002
   2.36718750000000      -3.111390301815724E-002 -1.851935976740843E-002
   2.37500000000000      -3.145081034157558E-002 -1.889008661252742E-002
   2.38281250000000      -3.176922859323443E-002 -1.926335951999364E-002
   2.39062500000000      -3.207371484501367E-002 -1.963760239514753E-002
   2.39843750000000      -3.236783199474676E-002 -2.001229992331092E-002
   2.40625000000000      -3.265454714031368E-002 -2.038781023767909E-002
   2.41406250000000      -3.293648214259205E-002 -2.076537640472690E-002
   2.42187500000000      -3.321609704471336E-002 -2.114734693041427E-002
   2.42968750000000      -3.349585977267807E-002 -2.153774689505840E-002
   2.43750000000000      -3.377846967253877E-002 -2.194368593235669E-002
   2.44531250000000      -3.406732674450845E-002 -2.237958769827350E-002
   2.45312500000000      -3.436862815264580E-002 -2.289037775648764E-002
   2.46093750000000      -3.446745827326894E-002 -2.352687392004930E-002
   2.46875000000000      -3.446786722989990E-002 -2.400629865910258E-002
   2.47656250000000      -3.445220938714806E-002 -2.441286546488538E-002
   2.48437500000000      -3.442711804233105E-002 -2.476339414878691E-002
   2.49218750000000      -3.439715346550078E-002 -2.506409400102323E-002
   2.50000000000000      -3.436624868225950E-002 -2.531750168926763E-002
   2.53125000000000      -3.431508531113373E-002 -2.585450587673772E-002
   2.56250000000000      -3.465522010935013E-002 -2.546703583991606E-002
   2.59375000000000      -3.756444734834670E-002 -2.348391713884638E-002
   2.62500000000000      -4.235131425713673E-002 -2.596581814536054E-002
   2.65625000000000      -4.560152329135797E-002 -3.006560695095482E-002
   2.68750000000000      -4.777666076728041E-002 -3.557705017159779E-002
   2.71875000000000      -4.714932479537368E-002 -4.428674472685648E-002
   2.75000000000000      -4.016281670504533E-002 -4.658599454040391E-002
   2.78125000000000      -3.713563043843727E-002 -4.700384354130297E-002
   2.81250000000000      -3.495908818800213E-002 -4.719277503071603E-002
   2.84375000000000      -3.333747076467936E-002 -4.723329260004589E-002
   2.87500000000000      -3.216186071434537E-002 -4.731497879415470E-002
   2.90625000000000      -3.104469344085529E-002 -4.747803868711906E-002
   2.93750000000000      -3.004676373859846E-002 -4.750966148112731E-002
   2.96875000000000      -2.926006373768624E-002 -4.742935077930153E-002
   3.00000000000000      -2.881323932728518E-002 -4.731250218684963E-002
   3.03125000000000      -2.905913396333025E-002 -4.777514687947634E-002
   3.06250000000000      -2.810519398339737E-002 -4.892554463725238E-002
   3.09375000000000      -2.674516458394450E-002 -4.947962663800804E-002
   3.12500000000000      -2.526218725481211E-002 -4.949836908247384E-002
   3.15625000000000      -2.388259343384752E-002 -4.886279152582355E-002
   3.18750000000000      -2.323205165095078E-002 -4.712335825453753E-002
   3.21875000000000      -2.454935924221621E-002 -4.698421906314314E-002
   3.25000000000000      -2.486652111209564E-002 -4.759669876724517E-002
   3.28125000000000      -2.477329183225922E-002 -4.831397596729543E-002
   3.31250000000000      -2.439996719327425E-002 -4.901858815761882E-002
   3.34375000000000      -2.381090876061716E-002 -4.963514224982438E-002
   3.37500000000000      -2.316555399393864E-002 -5.004356181606683E-002
   3.40625000000000      -2.254237084291144E-002 -5.050741185796308E-002
   3.43750000000000      -2.178585926923353E-002 -5.098058915907434E-002
   3.46875000000000      -2.085856744546315E-002 -5.140385837397840E-002
   3.50000000000000      -1.970986028147992E-002 -5.169747438451342E-002
   3.53125000000000      -1.818862422085824E-002 -5.164975612708247E-002
   3.56250000000000      -1.726758614453216E-002 -5.052036866359081E-002
   3.59375000000000      -1.698723978985674E-002 -4.985524938238829E-002
   3.62500000000000      -1.683136625762562E-002 -4.941712495703972E-002
   3.65625000000000      -1.673897717166508E-002 -4.912941419853145E-002
   3.68750000000000      -1.669250215003339E-002 -4.896749801768490E-002
   3.71875000000000      -1.671387799516856E-002 -4.897383651934947E-002
   3.75000000000000      -1.640076406421483E-002 -4.922168466476551E-002
   3.78125000000000      -1.599590426095492E-002 -4.920276213203012E-002
   3.81250000000000      -1.564470043709201E-002 -4.906111204499913E-002
   3.84375000000000      -1.538828902067873E-002 -4.882051700645022E-002
   3.87500000000000      -1.528691924802493E-002 -4.847906770596382E-002
   3.90625000000000      -1.549348759432504E-002 -4.799452185163533E-002
   3.93750000000000      -1.662254557067288E-002 -4.803707000930124E-002
   3.96875000000000      -1.722625844336111E-002 -4.895073362581216E-002
   4.00000000000000      -1.746657743532724E-002 -5.005486123578107E-002
   4.03125000000000      -1.741292715294559E-002 -5.130101395067994E-002
   4.06250000000000      -1.706039498045031E-002 -5.266911560919623E-002
   4.09375000000000      -1.635823127509695E-002 -5.415831934270104E-002
   4.12500000000000      -1.503873691776790E-002 -5.589761849098505E-002
   4.15625000000000      -1.291974474032576E-002 -5.661880193587433E-002
   4.18750000000000      -1.104989305857025E-002 -5.690625046022966E-002
   4.21875000000000      -9.236194065288693E-003 -5.690109941829619E-002
   4.25000000000000      -7.467379673090534E-003 -5.660624349235609E-002
   4.28125000000000      -5.767972487324693E-003 -5.599249797776374E-002
   4.31250000000000      -4.194280936162694E-003 -5.498324133358033E-002
   4.34375000000000      -3.075783097967809E-003 -5.315837569697683E-002
   4.37500000000000      -3.283301428233576E-003 -5.203516340371741E-002
   4.40625000000000      -3.328052850113798E-003 -5.145512579683500E-002
   4.43750000000000      -3.284597475839929E-003 -5.110995911023221E-002
   4.46875000000000      -3.163422602907183E-003 -5.092333610187936E-002
   4.50000000000000      -2.957155318753164E-003 -5.086563015119672E-002
   4.53125000000000      -2.636683569696562E-003 -5.093292839513364E-002
   4.56250000000000      -2.086533031514563E-003 -5.117412842856516E-002
   4.59375000000000      -1.012646293155953E-003 -5.097059669956761E-002
   4.62500000000000      -2.960276505302847E-004 -5.048169294412955E-002
   4.65625000000000       2.733778060557901E-004 -4.997323293495350E-002
   4.68750000000000       7.476023404166460E-004 -4.946371208822437E-002
   4.71875000000000       1.145018282960522E-003 -4.895755127208328E-002
   4.75000000000000       1.466896482700573E-003 -4.845436938200645E-002
   4.78125000000000       1.690296971293198E-003 -4.795052641558303E-002
   4.81250000000000       1.639687765254264E-003 -4.753616732886760E-002
   4.84375000000000       1.757952568625934E-003 -4.750684904053976E-002
   4.87500000000000       2.032309876377576E-003 -4.745718808760727E-002
   4.90625000000000       2.383494310723897E-003 -4.738650778859550E-002
   4.93750000000000       2.788822009748507E-003 -4.729185514663139E-002
   4.96875000000000       3.238216109037103E-003 -4.716855915836850E-002
   5.00000000000000       3.727701125344637E-003 -4.700887275142190E-002
   5.03125000000000       4.260283791236581E-003 -4.679629278389304E-002
   5.06250000000000       4.835454488590098E-003 -4.641976330347548E-002
   5.09375000000000       5.181076762031805E-003 -4.600659123910740E-002
   5.12500000000000       5.492202276859682E-003 -4.566877664483142E-002
   5.15625000000000       5.788747655010251E-003 -4.537120801808037E-002
   5.18750000000000       6.077426336952750E-003 -4.510877029924197E-002
   5.21875000000000       6.364106790158070E-003 -4.488502560308444E-002
   5.25000000000000       6.657435133091214E-003 -4.471123365989660E-002
   5.28125000000000       6.975068741071425E-003 -4.461313776804904E-002
   5.31250000000000       7.376648036203753E-003 -4.467542498101894E-002
   5.34375000000000       8.311924433519675E-003 -4.462681086908921E-002
   5.37500000000000       9.129660195666470E-003 -4.416636030095418E-002
   5.40625000000000       9.833733442174976E-003 -4.357301225940120E-002
   5.43750000000000       1.044012721980119E-002 -4.288489381193471E-002
   5.46875000000000       1.094834262792312E-002 -4.211773258186628E-002
   5.50000000000000       1.134889391295056E-002 -4.127847589927738E-002
   5.53125000000000       1.162107339280481E-002 -4.036738810621527E-002
   5.56250000000000       1.171869718596151E-002 -3.937347226453380E-002
   5.59375000000000       1.145245505528803E-002 -3.822494499227062E-002
   5.62500000000000       1.069089646217032E-002 -3.784559602711778E-002
   5.65625000000000       1.033590333133261E-002 -3.770028441964027E-002
   5.68750000000000       1.012719510356189E-002 -3.761516494669472E-002
   5.71875000000000       1.001452093914959E-002 -3.756861042776703E-002
   5.75000000000000       9.977577457850939E-003 -3.755222434670029E-002
   5.78125000000000       1.000842344685126E-002 -3.756308986598583E-002
   5.81250000000000       1.010792933306662E-002 -3.760229673835864E-002
   5.84375000000000       1.028909890000743E-002 -3.767665812576932E-002
   5.87500000000000       1.060421808326210E-002 -3.781188683883830E-002
   5.90625000000000       1.127034704926506E-002 -3.774450567857755E-002
   5.93750000000000       1.176677446782424E-002 -3.740469765018439E-002
   5.96875000000000       1.217252494928156E-002 -3.701341329993506E-002
   6.00000000000000       1.251798131486812E-002 -3.658823797940579E-002
   6.03125000000000       1.281272065791541E-002 -3.613666820901033E-002
   6.06250000000000       1.305899512436241E-002 -3.566306392335588E-002
   6.09375000000000       1.325441239264276E-002 -3.517045235308899E-002
   6.12500000000000       1.339126929268494E-002 -3.466123251384035E-002
   6.15625000000000       1.345079114214451E-002 -3.413750092676358E-002
   6.18750000000000       1.335489319077911E-002 -3.360050382044657E-002
   6.21875000000000       1.318355543859071E-002 -3.339996441474310E-002
   6.25000000000000       1.318937727850867E-002 -3.321376450737791E-002
   6.28125000000000       1.324770116533210E-002 -3.301502078675562E-002
   6.31250000000000       1.333488970238628E-002 -3.280410847882417E-002
   6.34375000000000       1.344017015060285E-002 -3.258149627558282E-002
   6.37500000000000       1.355759157056605E-002 -3.234750654681059E-002
   6.40625000000000       1.368378703333365E-002 -3.210213150252120E-002
   6.43750000000000       1.381738133759747E-002 -3.184465070577195E-002
   6.46875000000000       1.395965594771856E-002 -3.157243845884130E-002
   6.50000000000000       1.412033332121821E-002 -3.127408300184726E-002
   6.53125000000000       1.423569550290258E-002 -3.088219937301316E-002
   6.56250000000000       1.427715220407397E-002 -3.053313333748884E-002
   6.59375000000000       1.430356629573694E-002 -3.020819447359513E-002
   6.62500000000000       1.431955973009878E-002 -2.989836756750159E-002
   6.65625000000000       1.432628167694153E-002 -2.959990696905739E-002
   6.68750000000000       1.432355185931867E-002 -2.931085385079378E-002
   6.71875000000000       1.431022362965426E-002 -2.903014143680641E-002
   6.75000000000000       1.428396795233102E-002 -2.875730368307670E-002
   6.78125000000000       1.424032775496005E-002 -2.849246951494584E-002
   6.81250000000000       1.416935107899105E-002 -2.823679885844474E-002
   6.84375000000000       1.402612152351778E-002 -2.799683563351229E-002
   6.87500000000000       1.390250480527240E-002 -2.794380967454624E-002
   6.90625000000000       1.387242519906463E-002 -2.788388266618355E-002
   6.93750000000000       1.387892780001027E-002 -2.782156543486689E-002
   6.96875000000000       1.391170644077381E-002 -2.775896993646020E-002
   7.00000000000000       1.396679915229978E-002 -2.769738883826874E-002
   7.03125000000000       1.404298315879916E-002 -2.763793197819738E-002
   7.06250000000000       1.414094742924527E-002 -2.758180023022110E-002
   7.09375000000000       1.426344299605001E-002 -2.753054534342336E-002
   7.12500000000000       1.441647367722357E-002 -2.748652751836782E-002
   7.15625000000000       1.461334652054036E-002 -2.745416153956853E-002
   7.18750000000000       1.489664260901022E-002 -2.744632476142015E-002
   7.21875000000000       1.537539636229803E-002 -2.725011498283133E-002
   7.25000000000000       1.569885033036636E-002 -2.690235840312132E-002
   7.28125000000000       1.595098804260735E-002 -2.653063690961121E-002
   7.31250000000000       1.615452316224475E-002 -2.614293294504959E-002
   7.34375000000000       1.631798407992483E-002 -2.574279057856623E-002
   7.37500000000000       1.644501996522159E-002 -2.533219778759142E-002
   7.40625000000000       1.653664490197607E-002 -2.491232528035604E-002
   7.43750000000000       1.659180092824949E-002 -2.448375217626210E-002
   7.46875000000000       1.660704181593137E-002 -2.404644042478475E-002
   7.50000000000000       1.657498074228682E-002 -2.359938878301380E-002
   7.53125000000000       1.647883908191410E-002 -2.313929601932054E-002
   7.56250000000000       1.625525778388031E-002 -2.265094573115263E-002
   7.59375000000000       1.585887322617629E-002 -2.245150756901021E-002
   7.62500000000000       1.563904856908615E-002 -2.235056513136677E-002
   7.65625000000000       1.548346286777979E-002 -2.226819608027281E-002
   7.68750000000000       1.536973981626482E-002 -2.219797373085379E-002
   7.71875000000000       1.528848221343680E-002 -2.213705073277506E-002
   7.75000000000000       1.523506348027104E-002 -2.208388793545671E-002
   7.78125000000000       1.520739032427859E-002 -2.203761935455987E-002
   7.81250000000000       1.520519228314670E-002 -2.199782974805801E-002
   7.84375000000000       1.523002517351753E-002 -2.196451051150942E-002
   7.87500000000000       1.528603066201153E-002 -2.193817721000495E-002
   7.90625000000000       1.538252148334163E-002 -2.192034474473418E-002
   7.93750000000000       1.554540008661721E-002 -2.191571845254001E-002
   7.96875000000000       1.589159382300273E-002 -2.181220367155431E-002
   8.00000000000000       1.612058773339858E-002 -2.151799312702206E-002
   8.03125000000000       1.627574948618006E-002 -2.121074179306282E-002
   8.06250000000000       1.638789053062634E-002 -2.089643408673421E-002
   8.09375000000000       1.646764019007255E-002 -2.057708301997430E-002
   8.12500000000000       1.651987750052199E-002 -2.025359100362642E-002
   8.15625000000000       1.654680510816663E-002 -1.992635699942865E-002
   8.18750000000000       1.654893053557276E-002 -1.959547297112070E-002
   8.21875000000000       1.652531430163881E-002 -1.926078080196775E-002
   8.25000000000000       1.647333924149911E-002 -1.892184491144162E-002
   8.28125000000000       1.638779313825849E-002 -1.857781393697803E-002
   8.31250000000000       1.625811315987647E-002 -1.822699672288007E-002
   8.34375000000000       1.605686710457329E-002 -1.786509579599301E-002
   8.37500000000000       1.565799648445078E-002 -1.760164870537650E-002
   8.40625000000000       1.537891161262273E-002 -1.755256511466524E-002
   8.43750000000000       1.517782390269194E-002 -1.751577280280488E-002
   8.46875000000000       1.501852285111802E-002 -1.748568675332191E-002
   8.50000000000000       1.488823533935857E-002 -1.746029441263921E-002
   8.53125000000000       1.478041981969128E-002 -1.743854069693981E-002
   8.56250000000000       1.469117901889366E-002 -1.741977791030000E-002
   8.59375000000000       1.461800763395548E-002 -1.740357162163500E-002
   8.62500000000000       1.455924744729976E-002 -1.738961441309443E-002
   8.65625000000000       1.451382826922074E-002 -1.737768237705965E-002
   8.68750000000000       1.448116097820615E-002 -1.736761222153034E-002
   8.71875000000000       1.446116390994029E-002 -1.735929132694575E-002
   8.75000000000000       1.445456069769476E-002 -1.735266302780616E-002
   8.78125000000000       1.446470503005648E-002 -1.734779294678324E-002
   8.81250000000000       1.449623812567580E-002 -1.732556089572784E-002
   8.84375000000000       1.452155103527739E-002 -1.729526973175802E-002
   8.87500000000000       1.454993493303603E-002 -1.726563512499555E-002
   8.90625000000000       1.458358112902245E-002 -1.723679276528904E-002
   8.93750000000000       1.462359578077369E-002 -1.720882841414331E-002
   8.96875000000000       1.467084677139946E-002 -1.718182019723748E-002
   9.00000000000000       1.472621362365550E-002 -1.715585407654667E-002
   9.03125000000000       1.479072898850689E-002 -1.713103484573333E-002
   9.06250000000000       1.486571703140597E-002 -1.710749871314942E-002
   9.09375000000000       1.495298967014259E-002 -1.708543237337959E-002
   9.12500000000000       1.505519270580055E-002 -1.706510733496514E-002
   9.15625000000000       1.517653067039979E-002 -1.704695209210429E-002
   9.18750000000000       1.532464840946583E-002 -1.703173925435689E-002
   9.21875000000000       1.551787537639127E-002 -1.702130397381193E-002
   9.25000000000000       1.584620977258773E-002 -1.695198726617877E-002
   9.28125000000000       1.609023251735863E-002 -1.671370854603972E-002
   9.31250000000000       1.626862425928132E-002 -1.646886878472861E-002
   9.34375000000000       1.641147025493177E-002 -1.622053221123642E-002
   9.37500000000000       1.652867854771835E-002 -1.596974275248784E-002
   9.40625000000000       1.662513088191110E-002 -1.571703819597427E-002
   9.43750000000000       1.670358136643572E-002 -1.546274333341753E-002
   9.46875000000000       1.676562836621041E-002 -1.520707009776260E-002
   9.50000000000000       1.681211220733363E-002 -1.495016045513778E-002
   9.53125000000000       1.684327306379352E-002 -1.469210624960894E-002
   9.56250000000000       1.685876473941227E-002 -1.443295679168806E-002
   9.59375000000000       1.685752217558133E-002 -1.417271652456111E-002
   9.62500000000000       1.683737127554839E-002 -1.391132820496783E-002
   9.65625000000000       1.679394536434847E-002 -1.364861967951551E-002
   9.68750000000000       1.671664989504838E-002 -1.338409661023085E-002
   9.71875000000000       1.654778260192716E-002 -1.314674666024897E-002
   9.75000000000000       1.642055395520406E-002 -1.303432341544486E-002
   9.78125000000000       1.633708535153091E-002 -1.292421380149391E-002
   9.81250000000000       1.627321686741932E-002 -1.281513387753903E-002
   9.84375000000000       1.622166895593517E-002 -1.270670338846148E-002
   9.87500000000000       1.617887251352226E-002 -1.259873901955233E-002
   9.90625000000000       1.614273579836328E-002 -1.249113482844856E-002
   9.93750000000000       1.611190966180990E-002 -1.238382284724608E-002
   9.96875000000000       1.608547352170906E-002 -1.227675602762868E-002
   10.0000000000000       1.606278012424303E-002 -1.216989940862055E-002
   10.0312500000000       1.604337264011268E-002 -1.206322469310186E-002
   10.0625000000000       1.602694079722166E-002 -1.195670604361711E-002
   10.0937500000000       1.601330411261056E-002 -1.185031547811924E-002
   10.1250000000000       1.600242519869832E-002 -1.174401528327714E-002
   10.1562500000000       1.599448717468401E-002 -1.163773950864261E-002
   10.1875000000000       1.599024454888478E-002 -1.153132036501405E-002
   10.2187500000000       1.599258585892506E-002 -1.142029133745118E-002
   10.2500000000000       1.599011081566189E-002 -1.130362435805778E-002
   10.2812500000000       1.598614350604081E-002 -1.118773266259197E-002
   10.3125000000000       1.598192048580429E-002 -1.107233315321208E-002
   10.3437500000000       1.597785974293198E-002 -1.095733697299651E-002
   10.3750000000000       1.597419101616353E-002 -1.084270658850527E-002
   10.4062500000000       1.597108269719267E-002 -1.072842804639750E-002
   10.4375000000000       1.596868896809574E-002 -1.061450211330562E-002
   10.4687500000000       1.596717562304222E-002 -1.050094131021607E-002
   10.5000000000000       1.596674080827407E-002 -1.038776972936798E-002
   10.5312500000000       1.596763846025757E-002 -1.027502494998107E-002
   10.5625000000000       1.597021197972615E-002 -1.016276250621056E-002
   10.5937500000000       1.597495091452025E-002 -1.005106468609658E-002
   10.6250000000000       1.598260022870910E-002 -9.940058450937699E-003
   10.6562500000000       1.599440789137907E-002 -9.829956810653866E-003
   10.6875000000000       1.601284790434677E-002 -9.721180394556434E-003
   10.7187500000000       1.604539566737504E-002 -9.614993569530999E-003
   10.7500000000000       1.610690508822829E-002 -9.473496907004865E-003
   10.7812500000000       1.613794416441837E-002 -9.309142295037527E-003
   10.8125000000000       1.615575631140247E-002 -9.142666406412210E-003
   10.8437500000000       1.616469625580617E-002 -8.974854593004790E-003
   10.8750000000000       1.616652427862609E-002 -8.806043777784671E-003
   10.9062500000000       1.616214797291640E-002 -8.636423394656539E-003
   10.9375000000000       1.615207126395997E-002 -8.466114206672285E-003
   10.9687500000000       1.613656186778186E-002 -8.295198548776212E-003
   11.0000000000000       1.611572349961223E-002 -8.123734282963160E-003
   11.0312500000000       1.608952558474343E-002 -7.951761813444683E-003
   11.0625000000000       1.605780762319709E-002 -7.779307495677215E-003
   11.0937500000000       1.602026145328680E-002 -7.606384646603914E-003
   11.1250000000000       1.597638446101519E-002 -7.432992255332708E-003
   11.1562500000000       1.592538047442220E-002 -7.259110321916438E-003
   11.1875000000000       1.586594164805545E-002 -7.084688126150919E-003
   11.2187500000000       1.579568490484444E-002 -6.909612361444037E-003
   11.2500000000000       1.570909025133572E-002 -6.733587685230045E-003
   11.2812500000000       1.557668373777734E-002 -6.571308236556576E-003
   11.3125000000000       1.546583491514557E-002 -6.472346971228645E-003
   11.3437500000000       1.537761769625556E-002 -6.374721498305709E-003
   11.3750000000000       1.529976258057576E-002 -6.277717207328224E-003
   11.4062500000000       1.522852129986458E-002 -6.181125971655571E-003
   11.4375000000000       1.516203234124188E-002 -6.084851284149421E-003
   11.4687500000000       1.509919153322597E-002 -5.988841385628523E-003
   11.5000000000000       1.503927996606843E-002 -5.893067398716099E-003
   11.5312500000000       1.498180511276253E-002 -5.797514121746851E-003
   11.5625000000000       1.492642275413651E-002 -5.702175639281490E-003
   11.5937500000000       1.487289598739998E-002 -5.607053182132803E-003
   11.6250000000000       1.482107440176141E-002 -5.512154274430439E-003
   11.6562500000000       1.477088684180739E-002 -5.417492847911934E-003
   11.6875000000000       1.472234680867288E-002 -5.323090399017728E-003
   11.7187500000000       1.467557504180962E-002 -5.228978742119153E-003
   11.7500000000000       1.463085517780113E-002 -5.135205985846446E-003
   11.7812500000000       1.458877369064377E-002 -5.041850796870077E-003
   11.8125000000000       1.455066217208917E-002 -4.949066130611496E-003
   11.8437500000000       1.452144081960643E-002 -4.857352802809113E-003
   11.8750000000000       1.450187304441785E-002 -4.742501424159351E-003
   11.9062500000000       1.446679643663389E-002 -4.621918256290228E-003
   11.9375000000000       1.442576349054202E-002 -4.500823585783242E-003
   11.9687500000000       1.438053413562542E-002 -4.379410193862966E-003
   12.0000000000000       1.433182885156624E-002 -4.257768152522765E-003
   13.0000000000000       1.322938047836884E-002  0.000000000000000E+000
   14.0000000000000       1.228442472991392E-002  0.000000000000000E+000
   15.0000000000000       1.146546308125299E-002  0.000000000000000E+000
   16.0000000000000       1.074887163867468E-002  0.000000000000000E+000
   17.0000000000000       1.011658507169382E-002  0.000000000000000E+000
   18.0000000000000       9.554552567710827E-003  0.000000000000000E+000
   19.0000000000000       9.051681379936574E-003  0.000000000000000E+000
   20.0000000000000       8.599097310939744E-003  0.000000000000000E+000
   21.0000000000000       8.189616486609281E-003  0.000000000000000E+000
   22.0000000000000       7.817361191763404E-003  0.000000000000000E+000
   23.0000000000000       7.477475922556300E-003  0.000000000000000E+000
   24.0000000000000       7.165914425783120E-003  0.000000000000000E+000
   25.0000000000000       6.879277848751796E-003  0.000000000000000E+000
   26.0000000000000       6.614690239184419E-003  0.000000000000000E+000
   27.0000000000000       6.369701711807218E-003  0.000000000000000E+000
   28.0000000000000       6.142212364956961E-003  0.000000000000000E+000
   29.0000000000000       5.930411938579135E-003  0.000000000000000E+000
   30.0000000000000       5.732731540626496E-003  0.000000000000000E+000
   31.0000000000000       5.547804716735319E-003  0.000000000000000E+000
   32.0000000000000       5.374435819337340E-003  0.000000000000000E+000
   33.0000000000000       5.211574127842270E-003  0.000000000000000E+000
   34.0000000000000       5.058292535846908E-003  0.000000000000000E+000
   35.0000000000000       4.913769891965568E-003  0.000000000000000E+000
   36.0000000000000       4.777276283855414E-003  0.000000000000000E+000
   37.0000000000000       4.648160708616078E-003  0.000000000000000E+000
   38.0000000000000       4.525840689968287E-003  0.000000000000000E+000
   39.0000000000000       4.409793492789612E-003  0.000000000000000E+000
   40.0000000000000       4.299548655469872E-003  0.000000000000000E+000
   41.0000000000000       4.194681615092558E-003  0.000000000000000E+000
   42.0000000000000       4.094808243304640E-003  0.000000000000000E+000
   43.0000000000000       3.999580144623137E-003  0.000000000000000E+000
   44.0000000000000       3.908680595881702E-003  0.000000000000000E+000
   45.0000000000000       3.821821027084331E-003  0.000000000000000E+000
   46.0000000000000       3.738737961278150E-003  0.000000000000000E+000
   47.0000000000000       3.659190345080742E-003  0.000000000000000E+000
   48.0000000000000       3.582957212891560E-003  0.000000000000000E+000
   49.0000000000000       3.509835637118263E-003  0.000000000000000E+000
   50.0000000000000       3.439638924375898E-003  0.000000000000000E+000
   51.0000000000000       3.372195023897939E-003  0.000000000000000E+000
   52.0000000000000       3.307345119592210E-003  0.000000000000000E+000
   53.0000000000000       3.244942381486696E-003  0.000000000000000E+000
   54.0000000000000       3.184850855903609E-003  0.000000000000000E+000
   55.0000000000000       3.126944476705362E-003  0.000000000000000E+000
   56.0000000000000       3.071106182478480E-003  0.000000000000000E+000
   57.0000000000000       3.017227126645524E-003  0.000000000000000E+000
   58.0000000000000       2.965205969289567E-003  0.000000000000000E+000
   59.0000000000000       2.914948240996524E-003  0.000000000000000E+000
   60.0000000000000       2.866365770313248E-003  0.000000000000000E+000
   61.0000000000000       2.819376167521228E-003  0.000000000000000E+000
   62.0000000000000       2.773902358367660E-003  0.000000000000000E+000
   63.0000000000000       2.729872162203094E-003  0.000000000000000E+000
   64.0000000000000       2.687217909668670E-003  0.000000000000000E+000
   65.0000000000000       2.645876095673768E-003  0.000000000000000E+000
   66.0000000000000       2.605787063921135E-003  0.000000000000000E+000
   67.0000000000000       2.566894719683506E-003  0.000000000000000E+000
   68.0000000000000       2.529146267923454E-003  0.000000000000000E+000
   69.0000000000000       2.492491974185433E-003  0.000000000000000E+000
   70.0000000000000       2.456884945982784E-003  0.000000000000000E+000
   71.0000000000000       2.422280932659083E-003  0.000000000000000E+000
   72.0000000000000       2.388638141927707E-003  0.000000000000000E+000
   73.0000000000000       2.355917071490341E-003  0.000000000000000E+000
   74.0000000000000       2.324080354308039E-003  0.000000000000000E+000
   75.0000000000000       2.293092616250599E-003  0.000000000000000E+000
   76.0000000000000       2.262920344984144E-003  0.000000000000000E+000
   77.0000000000000       2.233531769075258E-003  0.000000000000000E+000
   78.0000000000000       2.204896746394806E-003  0.000000000000000E+000
   79.0000000000000       2.176986660997404E-003  0.000000000000000E+000
   80.0000000000000       2.149774327734936E-003  0.000000000000000E+000
   81.0000000000000       2.123233903935740E-003  0.000000000000000E+000
   82.0000000000000       2.097340807546279E-003  0.000000000000000E+000
   83.0000000000000       2.072071641190300E-003  0.000000000000000E+000
   84.0000000000000       2.047404121652320E-003  0.000000000000000E+000
   85.0000000000000       2.023317014338763E-003  0.000000000000000E+000
   86.0000000000000       1.999790072311569E-003  0.000000000000000E+000
   87.0000000000000       1.976803979526378E-003  0.000000000000000E+000
   88.0000000000000       1.954340297940851E-003  0.000000000000000E+000
   89.0000000000000       1.932381418188707E-003  0.000000000000000E+000
   90.0000000000000       1.910910513542165E-003  0.000000000000000E+000
   91.0000000000000       1.889911496909834E-003  0.000000000000000E+000
   92.0000000000000       1.869368980639075E-003  0.000000000000000E+000
   93.0000000000000       1.849268238911773E-003  0.000000000000000E+000
   94.0000000000000       1.829595172540371E-003  0.000000000000000E+000
   95.0000000000000       1.810336275987315E-003  0.000000000000000E+000
   96.0000000000000       1.791478606445780E-003  0.000000000000000E+000
   97.0000000000000       1.773009754832937E-003  0.000000000000000E+000
   98.0000000000000       1.754917818559132E-003  0.000000000000000E+000
   99.0000000000000       1.737191375947423E-003  0.000000000000000E+000
   100.000000000000       1.719819462187949E-003  0.000000000000000E+000
   101.000000000000       1.702791546720742E-003  0.000000000000000E+000
   102.000000000000       1.686097511948970E-003  0.000000000000000E+000
   103.000000000000       1.669727633192184E-003  0.000000000000000E+000
   104.000000000000       1.653672559796105E-003  0.000000000000000E+000
   105.000000000000       1.637923297321856E-003  0.000000000000000E+000
   106.000000000000       1.622471190743348E-003  0.000000000000000E+000
   107.000000000000       1.607307908586868E-003  0.000000000000000E+000
   108.000000000000       1.592425427951805E-003  0.000000000000000E+000
   109.000000000000       1.577816020355917E-003  0.000000000000000E+000
   110.000000000000       1.563472238352681E-003  0.000000000000000E+000
   111.000000000000       1.549386902872026E-003  0.000000000000000E+000
   112.000000000000       1.535553091239240E-003  0.000000000000000E+000
   113.000000000000       1.521964125830043E-003  0.000000000000000E+000
   114.000000000000       1.508613563322762E-003  0.000000000000000E+000
   115.000000000000       1.495495184511260E-003  0.000000000000000E+000
   116.000000000000       1.482602984644784E-003  0.000000000000000E+000
   117.000000000000       1.469931164263204E-003  0.000000000000000E+000
   118.000000000000       1.457474120498262E-003  0.000000000000000E+000
   119.000000000000       1.445226438813402E-003  0.000000000000000E+000
   120.000000000000       1.433182885156624E-003  0.000000000000000E+000
   121.000000000000       1.421338398502437E-003  0.000000000000000E+000
   122.000000000000       1.409688083760614E-003  0.000000000000000E+000
   123.000000000000       1.398227205030853E-003  0.000000000000000E+000
   124.000000000000       1.386951179183830E-003  0.000000000000000E+000
   125.000000000000       1.375855569750359E-003  0.000000000000000E+000
   126.000000000000       1.364936081101547E-003  0.000000000000000E+000
   127.000000000000       1.354188552903897E-003  0.000000000000000E+000
   128.000000000000       1.343608954834335E-003  0.000000000000000E+000
   129.000000000000       1.333193381541046E-003  0.000000000000000E+000
   130.000000000000       1.322938047836884E-003  0.000000000000000E+000
   131.000000000000       1.312839284112938E-003  0.000000000000000E+000
   132.000000000000       1.302893531960567E-003  0.000000000000000E+000
   133.000000000000       1.293097339990939E-003  0.000000000000000E+000
   134.000000000000       1.283447359841753E-003  0.000000000000000E+000
   135.000000000000       1.273940342361444E-003  0.000000000000000E+000
   136.000000000000       1.264573133961727E-003  0.000000000000000E+000
   137.000000000000       1.255342673129890E-003  0.000000000000000E+000
   138.000000000000       1.246245987092717E-003  0.000000000000000E+000
   139.000000000000       1.237280188624424E-003  0.000000000000000E+000
   140.000000000000       1.228442472991392E-003  0.000000000000000E+000
   141.000000000000       1.219730115026914E-003  0.000000000000000E+000
   142.000000000000       1.211140466329541E-003  0.000000000000000E+000
   143.000000000000       1.202670952578985E-003  0.000000000000000E+000
   144.000000000000       1.194319070963853E-003  0.000000000000000E+000
   145.000000000000       1.186082387715827E-003  0.000000000000000E+000
   146.000000000000       1.177958535745170E-003  0.000000000000000E+000
   147.000000000000       1.169945212372754E-003  0.000000000000000E+000
   148.000000000000       1.162040177154020E-003  0.000000000000000E+000
   149.000000000000       1.154241249790570E-003  0.000000000000000E+000
   150.000000000000       1.146546308125299E-003  0.000000000000000E+000
   151.000000000000       1.138953286217185E-003  0.000000000000000E+000
   152.000000000000       1.131460172492072E-003  0.000000000000000E+000
   153.000000000000       1.124065007965980E-003  0.000000000000000E+000
   154.000000000000       1.116765884537629E-003  0.000000000000000E+000
   155.000000000000       1.109560943347064E-003  0.000000000000000E+000
   156.000000000000       1.102448373197403E-003  0.000000000000000E+000
   157.000000000000       1.095426409036910E-003  0.000000000000000E+000
   158.000000000000       1.088493330498702E-003  0.000000000000000E+000
   159.000000000000       1.081647460495565E-003  0.000000000000000E+000
   160.000000000000       1.074887163867468E-003  0.000000000000000E+000
   161.000000000000       1.068210846079471E-003  0.000000000000000E+000
   162.000000000000       1.061616951967870E-003  0.000000000000000E+000
   163.000000000000       1.055103964532484E-003  0.000000000000000E+000
   164.000000000000       1.048670403773140E-003  0.000000000000000E+000
   165.000000000000       1.042314825568454E-003  0.000000000000000E+000
   166.000000000000       1.036035820595150E-003  0.000000000000000E+000
   167.000000000000       1.029832013286197E-003  0.000000000000000E+000
   168.000000000000       1.023702060826160E-003  0.000000000000000E+000
   169.000000000000       1.017644652182218E-003  0.000000000000000E+000
   170.000000000000       1.011658507169382E-003  0.000000000000000E+000
   171.000000000000       1.005742375548508E-003  0.000000000000000E+000
   172.000000000000       9.998950361557843E-004  0.000000000000000E+000
   173.000000000000       9.941152960623982E-004  0.000000000000000E+000
   174.000000000000       9.884019897631890E-004  0.000000000000000E+000
   175.000000000000       9.827539783931138E-004  0.000000000000000E+000
   176.000000000000       9.771701489704255E-004  0.000000000000000E+000
   177.000000000000       9.716494136655079E-004  0.000000000000000E+000
   178.000000000000       9.661907090943533E-004  0.000000000000000E+000
   179.000000000000       9.607929956357257E-004  0.000000000000000E+000
   180.000000000000       9.554552567710827E-004  0.000000000000000E+000
   181.000000000000       9.501764984463807E-004  0.000000000000000E+000
   182.000000000000       9.449557484549170E-004  0.000000000000000E+000
   183.000000000000       9.397920558404093E-004  0.000000000000000E+000
   184.000000000000       9.346844903195374E-004  0.000000000000000E+000
   185.000000000000       9.296321417232156E-004  0.000000000000000E+000
   186.000000000000       9.246341194558865E-004  0.000000000000000E+000
   187.000000000000       9.196895519721653E-004  0.000000000000000E+000
   188.000000000000       9.147975862701856E-004  0.000000000000000E+000
   189.000000000000       9.099573874010312E-004  0.000000000000000E+000
   190.000000000000       9.051681379936573E-004  0.000000000000000E+000
   191.000000000000       9.004290377947377E-004  0.000000000000000E+000
   192.000000000000       8.957393032228900E-004  0.000000000000000E+000
   193.000000000000       8.910981669367611E-004  0.000000000000000E+000
   194.000000000000       8.865048774164686E-004  0.000000000000000E+000
   195.000000000000       8.819586985579225E-004  0.000000000000000E+000
   196.000000000000       8.774589092795658E-004  0.000000000000000E+000
   197.000000000000       8.730048031410909E-004  0.000000000000000E+000
   198.000000000000       8.685956879737116E-004  0.000000000000000E+000
   199.000000000000       8.642308855215824E-004  0.000000000000000E+000
   200.000000000000       8.599097310939745E-004  0.000000000000000E+000
   201.000000000000       8.556315732278354E-004  0.000000000000000E+000
   202.000000000000       8.513957733603708E-004  0.000000000000000E+000
   203.000000000000       8.472017055113049E-004  0.000000000000000E+000
   204.000000000000       8.430487559744848E-004  0.000000000000000E+000
   205.000000000000       8.389363230185117E-004  0.000000000000000E+000
   206.000000000000       8.348638165960918E-004  0.000000000000000E+000
   207.000000000000       8.308306580618111E-004  0.000000000000000E+000
   208.000000000000       8.268362798980524E-004  0.000000000000000E+000
   209.000000000000       8.228801254487794E-004  0.000000000000000E+000
   210.000000000000       8.189616486609280E-004  0.000000000000000E+000
   211.000000000000       8.150803138331511E-004  0.000000000000000E+000
   212.000000000000       8.112355953716740E-004  0.000000000000000E+000
   213.000000000000       8.074269775530277E-004  0.000000000000000E+000
   214.000000000000       8.036539542934341E-004  0.000000000000000E+000
   215.000000000000       7.999160289246275E-004  0.000000000000000E+000
   216.000000000000       7.962127139759023E-004  0.000000000000000E+000
   217.000000000000       7.925435309621884E-004  0.000000000000000E+000
   218.000000000000       7.889080101779583E-004  0.000000000000000E+000
   219.000000000000       7.853056904967803E-004  0.000000000000000E+000
   220.000000000000       7.817361191763405E-004  0.000000000000000E+000
   221.000000000000       7.781988516687552E-004  0.000000000000000E+000
   222.000000000000       7.746934514360130E-004  0.000000000000000E+000
   223.000000000000       7.712194897703807E-004  0.000000000000000E+000
   224.000000000000       7.677765456196201E-004  0.000000000000000E+000
   225.000000000000       7.643642054168661E-004  0.000000000000000E+000
   226.000000000000       7.609820629150216E-004  0.000000000000000E+000
   227.000000000000       7.576297190255281E-004  0.000000000000000E+000
   228.000000000000       7.543067816613811E-004  0.000000000000000E+000
   229.000000000000       7.510128655842572E-004  0.000000000000000E+000
   230.000000000000       7.477475922556300E-004  0.000000000000000E+000
   231.000000000000       7.445105896917528E-004  0.000000000000000E+000
   232.000000000000       7.413014923223918E-004  0.000000000000000E+000
   233.000000000000       7.381199408531970E-004  0.000000000000000E+000
   234.000000000000       7.349655821316021E-004  0.000000000000000E+000
   235.000000000000       7.318380690161485E-004  0.000000000000000E+000
   236.000000000000       7.287370602491309E-004  0.000000000000000E+000
   237.000000000000       7.256622203324679E-004  0.000000000000000E+000
   238.000000000000       7.226132194067012E-004  0.000000000000000E+000
   239.000000000000       7.195897331330330E-004  0.000000000000000E+000
   240.000000000000       7.165914425783120E-004  0.000000000000000E+000
   241.000000000000       7.136180341028833E-004  0.000000000000000E+000
   242.000000000000       7.106691992512185E-004  0.000000000000000E+000
   243.000000000000       7.077446346452465E-004  0.000000000000000E+000
   244.000000000000       7.048440418803070E-004  0.000000000000000E+000
   245.000000000000       7.019671274236526E-004  0.000000000000000E+000
   246.000000000000       6.991136025154265E-004  0.000000000000000E+000
   247.000000000000       6.962831830720441E-004  0.000000000000000E+000
   248.000000000000       6.934755895919149E-004  0.000000000000000E+000
   249.000000000000       6.906905470634333E-004  0.000000000000000E+000
   250.000000000000       6.879277848751796E-004  0.000000000000000E+000
   251.000000000000       6.851870367282666E-004  0.000000000000000E+000
   252.000000000000       6.824680405507734E-004  0.000000000000000E+000
   253.000000000000       6.797705384142091E-004  0.000000000000000E+000
   254.000000000000       6.770942764519484E-004  0.000000000000000E+000
   255.000000000000       6.744390047795878E-004  0.000000000000000E+000
   256.000000000000       6.718044774171676E-004  0.000000000000000E+000
   257.000000000000       6.691904522132098E-004  0.000000000000000E+000
   258.000000000000       6.665966907705228E-004  0.000000000000000E+000
   259.000000000000       6.640229583737254E-004  0.000000000000000E+000
   260.000000000000       6.614690239184419E-004  0.000000000000000E+000
   261.000000000000       6.589346598421261E-004  0.000000000000000E+000
   262.000000000000       6.564196420564691E-004  0.000000000000000E+000
   263.000000000000       6.539237498813494E-004  0.000000000000000E+000
   264.000000000000       6.514467659802837E-004  0.000000000000000E+000
   265.000000000000       6.489884762973392E-004  0.000000000000000E+000
   266.000000000000       6.465486699954695E-004  0.000000000000000E+000
   267.000000000000       6.441271393962355E-004  0.000000000000000E+000
   268.000000000000       6.417236799208765E-004  0.000000000000000E+000
   269.000000000000       6.393380900326948E-004  0.000000000000000E+000
   270.000000000000       6.369701711807219E-004  0.000000000000000E+000
   271.000000000000       6.346197277446306E-004  0.000000000000000E+000
   272.000000000000       6.322865669808635E-004  0.000000000000000E+000
   273.000000000000       6.299704989699447E-004  0.000000000000000E+000
   274.000000000000       6.276713365649449E-004  0.000000000000000E+000
   275.000000000000       6.253888953410724E-004  0.000000000000000E+000
   276.000000000000       6.231229935463583E-004  0.000000000000000E+000
   277.000000000000       6.208734520534112E-004  0.000000000000000E+000
   278.000000000000       6.186400943122118E-004  0.000000000000000E+000
   279.000000000000       6.164227463039244E-004  0.000000000000000E+000
   280.000000000000       6.142212364956960E-004  0.000000000000000E+000
   281.000000000000       6.120353957964231E-004  0.000000000000000E+000
   282.000000000000       6.098650575134571E-004  0.000000000000000E+000
   283.000000000000       6.077100573102293E-004  0.000000000000000E+000
   284.000000000000       6.055702331647707E-004  0.000000000000000E+000
   285.000000000000       6.034454253291049E-004  0.000000000000000E+000
   286.000000000000       6.013354762894926E-004  0.000000000000000E+000
   287.000000000000       5.992402307275083E-004  0.000000000000000E+000
   288.000000000000       5.971595354819267E-004  0.000000000000000E+000
   289.000000000000       5.950932395114010E-004  0.000000000000000E+000
   290.000000000000       5.930411938579134E-004  0.000000000000000E+000
   291.000000000000       5.910032516109790E-004  0.000000000000000E+000
   292.000000000000       5.889792678725852E-004  0.000000000000000E+000
   293.000000000000       5.869690997228495E-004  0.000000000000000E+000
   294.000000000000       5.849726061863771E-004  0.000000000000000E+000
   295.000000000000       5.829896481993047E-004  0.000000000000000E+000
   296.000000000000       5.810200885770098E-004  0.000000000000000E+000
   297.000000000000       5.790637919824744E-004  0.000000000000000E+000
   298.000000000000       5.771206248952849E-004  0.000000000000000E+000
   299.000000000000       5.751904555812539E-004  0.000000000000000E+000
   300.000000000000       5.732731540626497E-004  0.000000000000000E+000
   301.000000000000       5.713685920890196E-004  0.000000000000000E+000
   302.000000000000       5.694766431085924E-004  0.000000000000000E+000
   303.000000000000       5.675971822402472E-004  0.000000000000000E+000
   304.000000000000       5.657300862460359E-004  0.000000000000000E+000
   305.000000000000       5.638752335042456E-004  0.000000000000000E+000
   306.000000000000       5.620325039829899E-004  0.000000000000000E+000
   307.000000000000       5.602017792143157E-004  0.000000000000000E+000
   308.000000000000       5.583829422688146E-004  0.000000000000000E+000
   309.000000000000       5.565758777307279E-004  0.000000000000000E+000
   310.000000000000       5.547804716735319E-004  0.000000000000000E+000
   311.000000000000       5.529966116359965E-004  0.000000000000000E+000
   312.000000000000       5.512241865987016E-004  0.000000000000000E+000
