  0.000000000000000E+000 -0.430957583737955       5.143203751100506E-017
  7.812500000000000E-003 -0.430986225289554      -6.942099046591634E-004
  1.562500000000000E-002 -0.431078806862732      -1.086511564480747E-003
  2.343750000000000E-002 -0.431941527272522      -1.681946054570532E-003
  3.125000000000000E-002 -0.432772026810117      -2.462512961709723E-003
  3.906250000000000E-002 -0.434775997005388      -4.338046578166584E-003
  4.687500000000000E-002 -0.430974997614849      -5.991020813777745E-003
  5.468750000000000E-002 -0.432929619750160      -4.970410299703822E-003
  6.250000000000000E-002 -0.434360368037289      -5.931786568270024E-003
  7.031250000000000E-002 -0.435590752083701      -6.504981460353692E-003
  7.812500000000000E-002 -0.437368359400783      -7.137312048587582E-003
  8.593750000000000E-002 -0.440214323099235      -8.515003851975816E-003
  9.375000000000000E-002 -0.442557678076503      -1.206479350559027E-002
  0.101562500000000      -0.441549424490318      -1.406420866933199E-002
  0.109375000000000      -0.442409931577148      -1.425320114741101E-002
  0.117187500000000      -0.444539328897972      -1.457099813508584E-002
  0.125000000000000      -0.449366367165147      -1.401252065008049E-002
  0.132812500000000      -0.456326851431814      -2.174815636744000E-002
  0.140625000000000      -0.456542666515351      -3.143589909438654E-002
  0.148437500000000      -0.451279958712246      -3.614930851281284E-002
  0.156250000000000      -0.447858845540708      -3.898940778887775E-002
  0.164062500000000      -0.441724639695327      -3.799931141971735E-002
  0.171875000000000      -0.440931186473718      -3.247502120467274E-002
  0.179687500000000      -0.447268404475714      -2.810567018655516E-002
  0.187500000000000      -0.453170473942066      -2.889633784865003E-002
  0.195312500000000      -0.460612037864110      -2.963123615689318E-002
  0.203125000000000      -0.468741485489757      -3.807152349901001E-002
  0.210937500000000      -0.471784279619955      -4.718015242806954E-002
  0.218750000000000      -0.471241832024157      -5.604592006809969E-002
  0.226562500000000      -0.469860619921617      -6.268716712182655E-002
  0.234375000000000      -0.467467686000190      -6.963909675100086E-002
  0.242187500000000      -0.460862990340512      -7.293333567158827E-002
  0.250000000000000      -0.457863763510662      -7.179519356664109E-002
  0.257812500000000      -0.459395414264621      -6.813155293005151E-002
  0.265625000000000      -0.467040755987018      -7.335739370721261E-002
  0.273437500000000      -0.469053843172822      -8.123843832417788E-002
  0.281250000000000      -0.467813931400382      -9.124259365468088E-002
  0.289062500000000      -0.460789661565050      -9.561503406106123E-002
  0.296875000000000      -0.456220843223173      -9.766265881378221E-002
  0.304687500000000      -0.451799222199660      -9.940431454814777E-002
  0.312500000000000      -0.446146037636370      -9.677826449331126E-002
  0.320312500000000      -0.444614959448202      -9.162783813418938E-002
  0.328125000000000      -0.447330108260887      -8.524313508495406E-002
  0.335937500000000      -0.456748236699351      -8.363977793266364E-002
  0.343750000000000      -0.463045394307116      -8.618488034895129E-002
  0.351562500000000      -0.468524421840167      -8.913256661907305E-002
  0.359375000000000      -0.474139034973879      -9.224049046568168E-002
  0.367187500000000      -0.480616026091376      -9.563181524838872E-002
  0.375000000000000      -0.489155946460393      -0.100005856861254     
  0.382812500000000      -0.500994133701440      -0.108304434787688     
  0.390625000000000      -0.507094984711003      -0.123853295817251     
  0.398437500000000      -0.512130281883040      -0.136905133915523     
  0.406250000000000      -0.518000729791341      -0.153404258907499     
  0.414062500000000      -0.520311194895754      -0.179092982447266     
  0.421875000000000      -0.508669684628763      -0.198795695904520     
  0.429687500000000      -0.498875293424603      -0.216381780498979     
  0.437500000000000      -0.485682352842911      -0.235475824984683     
  0.445312500000000      -0.461470119575675      -0.254643087860544     
  0.453125000000000      -0.435900178921002      -0.257039521963092     
  0.460937500000000      -0.413703360131580      -0.257304567721460     
  0.468750000000000      -0.391288651437927      -0.253654939182351     
  0.476562500000000      -0.369042097568235      -0.242491380152968     
  0.484375000000000      -0.358227699020344      -0.225987480909472     
  0.492187500000000      -0.350797178468044      -0.212942403090962     
  0.500000000000000      -0.345164778987196      -0.200186133393959     
  0.507812500000000      -0.341636985430734      -0.186343850755931     
  0.515625000000000      -0.344664796776305      -0.172410227647464     
  0.523437500000000      -0.348638427100532      -0.163936560232209     
  0.531250000000000      -0.352120796305730      -0.156713131329088     
  0.539062500000000      -0.355847002655727      -0.149689392160669     
  0.546875000000000      -0.361394723412327      -0.141928272466216     
  0.554687500000000      -0.369299204686938      -0.138376832898957     
  0.562500000000000      -0.375683471192415      -0.136027468200063     
  0.570312500000000      -0.381822860928369      -0.133966869260554     
  0.578125000000000      -0.388486746031849      -0.131911946477871     
  0.585937500000000      -0.398375414139497      -0.130773177535710     
  0.593750000000000      -0.406254246209179      -0.134766830639647     
  0.601562500000000      -0.412127629335688      -0.138622926587429     
  0.609375000000000      -0.417409175587281      -0.142341842305142     
  0.617187500000000      -0.422926487396536      -0.146254559055049     
  0.625000000000000      -0.429029578009583      -0.153139413760269     
  0.632812500000000      -0.430534730015455      -0.160049585720711     
  0.640625000000000      -0.431383069437291      -0.165395114825979     
  0.648437500000000      -0.431926527300235      -0.169733185147079     
  0.656250000000000      -0.432509607425764      -0.172948777713511     
  0.664062500000000      -0.434460809652233      -0.174319146890651     
  0.671875000000000      -0.439471545021686      -0.179009748773057     
  0.679687500000000      -0.442563767308147      -0.185479196940929     
  0.687500000000000      -0.443935953173912      -0.192999099188289     
  0.695312500000000      -0.442324459003770      -0.200503317064266     
  0.703125000000000      -0.438155917922619      -0.203702223704740     
  0.710937500000000      -0.438559572921163      -0.204425026021595     
  0.718750000000000      -0.440743778794941      -0.206154625899676     
  0.726562500000000      -0.444081332392814      -0.209434140091934     
  0.734375000000000      -0.447664198409326      -0.214256839640403     
  0.742187500000000      -0.451097000926363      -0.220448240803337     
  0.750000000000000      -0.454465961787405      -0.228114260980230     
  0.757812500000000      -0.455460134264205      -0.239144891376644     
  0.765625000000000      -0.453624559181041      -0.248588974111869     
  0.773437500000000      -0.450859135543083      -0.257626601479195     
  0.781250000000000      -0.446943615397407      -0.266527334378098     
  0.789062500000000      -0.441631121768224      -0.275314924999881     
  0.796875000000000      -0.434610357479891      -0.284260194731361     
  0.804687500000000      -0.421672553671698      -0.293183568062233     
  0.812500000000000      -0.406155222401625      -0.294754603912159     
  0.820312500000000      -0.390660669605061      -0.290683072907354     
  0.828125000000000      -0.376775928297482      -0.280048901499942     
  0.835937500000000      -0.367514256406991      -0.262134385861871     
  0.843750000000000      -0.367957212336001      -0.237065523128255     
  0.851562500000000      -0.393522951290154      -0.212011103310591     
  0.859375000000000      -0.416265677987533      -0.216655504505228     
  0.867187500000000      -0.431089662999166      -0.221558762201436     
  0.875000000000000      -0.443973959525744      -0.226910722792249     
  0.882812500000000      -0.456589055959255      -0.233216699592581     
  0.890625000000000      -0.469821909458813      -0.241419551008321     
  0.898437500000000      -0.484097862314064      -0.253688381018332     
  0.906250000000000      -0.491894331645811      -0.275584367055146     
  0.914062500000000      -0.491291972239836      -0.290115039551762     
  0.921875000000000      -0.491335211184260      -0.301577546908650     
  0.929687500000000      -0.492050510297090      -0.311765506203419     
  0.937500000000000      -0.493485415860248      -0.321463097232019     
  0.945312500000000      -0.495682270672367      -0.331196822890008     
  0.953125000000000      -0.498767376143646      -0.341445120163796     
  0.960937500000000      -0.503031857587006      -0.353945917640106     
  0.968750000000000      -0.505044611493647      -0.368204728402986     
  0.976562500000000      -0.506133573527451      -0.382885585025417     
  0.984375000000000      -0.506321770877090      -0.398329169011819     
  0.992187500000000      -0.505306906648523      -0.414644168061528     
   1.00000000000000      -0.502596543025613      -0.431725921824130     
   1.00781250000000      -0.497500716995516      -0.449080508702746     
   1.01562500000000      -0.488743456067528      -0.464923273273358     
   1.02343750000000      -0.483182923082537      -0.475534095420919     
   1.03125000000000      -0.479440740851827      -0.489481091337998     
   1.03906250000000      -0.475148576676293      -0.505503496000175     
   1.04687500000000      -0.469580516092282      -0.523481296682960     
   1.05468750000000      -0.461921226403414      -0.543466887096608     
   1.06250000000000      -0.450945376125716      -0.565502142837063     
   1.07031250000000      -0.434398531318176      -0.589359124420154     
   1.07812500000000      -0.404271981810414      -0.610884434308419     
   1.08593750000000      -0.377801010526572      -0.614274952748919     
   1.09375000000000      -0.357324824307391      -0.617399286910835     
   1.10156250000000      -0.339089012610656      -0.620585135253370     
   1.10937500000000      -0.321884513725238      -0.623893066197103     
   1.11718750000000      -0.304995493503677      -0.627259584287575     
   1.12500000000000      -0.287879480024599      -0.630488595967121     
   1.13281250000000      -0.270082893660196      -0.633164214089002     
   1.14062500000000      -0.251274447151932      -0.634263190689222     
   1.14843750000000      -0.233972622153516      -0.633197090495310     
   1.15625000000000      -0.217133882616741      -0.632189871027270     
   1.16406250000000      -0.200131948512723      -0.630632683921164     
   1.17187500000000      -0.182813456720577      -0.628137916892137     
   1.17968750000000      -0.165167019324604      -0.624279896182242     
   1.18750000000000      -0.147327343599532      -0.618530852246880     
   1.19531250000000      -0.129660272283335      -0.610160597835332     
   1.20312500000000      -0.113072457055734      -0.597864405717008     
   1.21093750000000      -0.104956883665690      -0.580167872793289     
   1.21875000000000      -0.101437834657754      -0.571498999381631     
   1.22656250000000      -9.612593340011077E-002 -0.565238889062090     
   1.23437500000000      -8.968622937364515E-002 -0.559786054646386     
   1.24218750000000      -8.236294971113532E-002 -0.554420878660480     
   1.25000000000000      -7.432975596249938E-002 -0.548603820892672     
   1.25781250000000      -6.578263870803405E-002 -0.541796101921676     
   1.26562500000000      -5.701762230879187E-002 -0.533313951800895     
   1.27343750000000      -4.860693994799807E-002 -0.521925438819665     
   1.28125000000000      -4.643184928035717E-002 -0.504571035985158     
   1.28906250000000      -5.123339240367827E-002 -0.494843644874310     
   1.29687500000000      -5.551355014724016E-002 -0.488964191310705     
   1.30468750000000      -5.952924748280206E-002 -0.485545041909565     
   1.31250000000000      -6.340967445646915E-002 -0.484393358162656     
   1.32031250000000      -6.712850410569443E-002 -0.485945752005657     
   1.32812500000000      -7.013775987136338E-002 -0.491494856647304     
   1.33593750000000      -6.967165968072235E-002 -0.503827307881829     
   1.34375000000000      -5.277390334627069E-002 -0.524580352633727     
   1.35156250000000      -2.449054533792905E-003 -0.506644653185231     
   1.35937500000000      -1.770780057353112E-002 -0.477529158321888     
   1.36718750000000      -2.391853124247132E-002 -0.472007044815359     
   1.37500000000000      -2.641611558435179E-002 -0.469591238949799     
   1.38281250000000      -2.704174978695398E-002 -0.468178553036961     
   1.39062500000000      -2.658586281796447E-002 -0.467070109618143     
   1.39843750000000      -2.552290716121519E-002 -0.465934848718974     
   1.40625000000000      -2.423897050733877E-002 -0.464571695169809     
   1.41406250000000      -2.316805207704358E-002 -0.462832236202814     
   1.42187500000000      -2.300948424064296E-002 -0.460592253536560     
   1.42968750000000      -2.613439214475493E-002 -0.457777693522344     
   1.43750000000000      -3.046251826567481E-002 -0.462851617402397     
   1.44531250000000      -3.098211440137548E-002 -0.468811104330314     
   1.45312500000000      -2.979096839417380E-002 -0.475487117372297     
   1.46093750000000      -2.706429958153115E-002 -0.482959084224819     
   1.46875000000000      -2.263056340996947E-002 -0.491324820849859     
   1.47656250000000      -1.601916882488125E-002 -0.500649723034253     
   1.48437500000000      -6.356427983625410E-003 -0.510823368094990     
   1.49218750000000       7.793909720916683E-003 -0.521168053288783     
   1.50000000000000       2.839994436600871E-002 -0.529457652566656     
   1.50781250000000       5.682204695742963E-002 -0.529619849501439     
   1.51562500000000       7.720852235273408E-002 -0.509728474930722     
   1.52343750000000       8.444072098360447E-002 -0.497806385996793     
   1.53125000000000       9.124746821921302E-002 -0.489311914622968     
   1.53906250000000       9.806372636313850E-002 -0.482162453664431     
   1.54687500000000       0.104987009105495      -0.475576878509305     
   1.55468750000000       0.112022392170986      -0.469136668477289     
   1.56250000000000       0.119131431602335      -0.462569034989884     
   1.57031250000000       0.126242710525636      -0.455667451996617     
   1.57812500000000       0.133246328005281      -0.448250809258328     
   1.58593750000000       0.139967032321081      -0.440123700557722     
   1.59375000000000       0.146041657276686      -0.430946518931209     
   1.60156250000000       0.149233290185391      -0.421447302163651     
   1.60937500000000       0.152448991844833      -0.414208654252334     
   1.61718750000000       0.156172237233298      -0.407239401766737     
   1.62500000000000       0.160158818856333      -0.400187308507593     
   1.63281250000000       0.164268427108495      -0.392872807007670     
   1.64062500000000       0.168382882817890      -0.385168643447548     
   1.64843750000000       0.172382414336562      -0.376967810030832     
   1.65625000000000       0.176131058232117      -0.368167680529782     
   1.66406250000000       0.179458986482111      -0.358654465273315     
   1.67187500000000       0.182126899464620      -0.348273144731420     
   1.67968750000000       0.183714628374003      -0.336726224407882     
   1.68750000000000       0.182019414723924      -0.322730007434747     
   1.69531250000000       0.176021936667999      -0.314409838028237     
   1.70312500000000       0.171882544119163      -0.308155130394001     
   1.71093750000000       0.168550029602271      -0.302705504606198     
   1.71875000000000       0.165711625130461      -0.297723083441321     
   1.72656250000000       0.163194483541629      -0.293047431068854     
   1.73437500000000       0.160879164418805      -0.288589773086249     
   1.74218750000000       0.158670768702405      -0.284300058784797     
   1.75000000000000       0.156485080074258      -0.280154307669840     
   1.75781250000000       0.154238543063428      -0.276150588297155     
   1.76562500000000       0.151834897098224      -0.272311877770629     
   1.77343750000000       0.149129671274049      -0.268704116581989     
   1.78125000000000       0.145602320605392      -0.265618325750073     
   1.78906250000000       0.142916909276873      -0.264512699152733     
   1.79687500000000       0.141160576155199      -0.263243514292878     
   1.80468750000000       0.139834781124303      -0.261928175764515     
   1.81250000000000       0.138809808314595      -0.260581201135295     
   1.82031250000000       0.138015589869601      -0.259207209088280     
   1.82812500000000       0.137405517955268      -0.257808863630542     
   1.83593750000000       0.136944965489979      -0.256389263551981     
   1.84375000000000       0.136606496051990      -0.254953273006488     
   1.85156250000000       0.136367741307430      -0.253508851411577     
   1.85937500000000       0.136210916756311      -0.252069104910298     
   1.86718750000000       0.136124545561100      -0.250656642351556     
   1.87500000000000       0.136113261545818      -0.249317475360090     
   1.88281250000000       0.136364511674271      -0.248108310887142     
   1.89062500000000       0.136786050454784      -0.246676779593761     
   1.89843750000000       0.137241591861985      -0.245175515881093     
   1.90625000000000       0.137737161029769      -0.243625059699760     
   1.91406250000000       0.138266358148248      -0.242036009508704     
   1.92187500000000       0.138821741358206      -0.240418290176225     
   1.92968750000000       0.139396474961978      -0.238783297809953     
   1.93750000000000       0.139985019360811      -0.237145381757604     
   1.94531250000000       0.140583896507684      -0.235523678501443     
   1.95312500000000       0.141193024020019      -0.233945099906883     
   1.96093750000000       0.141818485958592      -0.232450139013384     
   1.96875000000000       0.142479390432681      -0.231106538197445     
   1.97656250000000       0.143230943662005      -0.230053207071195     
   1.98437500000000       0.144435482466519      -0.229911853873220     
   1.99218750000000       0.147559392797576      -0.228583441901457     
   2.00000000000000       0.150235432296483      -0.226334215900356     
   2.00781250000000       0.152707621611619      -0.223630417323693     
   2.01562500000000       0.155006012247637      -0.220569023709108     
   2.02343750000000       0.157129734132488      -0.217193251871859     
   2.03125000000000       0.159065034495361      -0.213526884471752     
   2.03906250000000       0.160789812546782      -0.209584677027683     
   2.04687500000000       0.162274511304245      -0.205376637710108     
   2.05468750000000       0.163481149674371      -0.200910014959604     
   2.06250000000000       0.164360348319257      -0.196190024758353     
   2.07031250000000       0.164844517519095      -0.191219248668111     
   2.07812500000000       0.164830671373068      -0.185994084768789     
   2.08593750000000       0.164122387947767      -0.180489456386044     
   2.09375000000000       0.161765770726447      -0.174559911854301     
   2.10156250000000       0.158588774406951      -0.171546764046690     
   2.10937500000000       0.156477402578647      -0.168900805823006     
   2.11718750000000       0.154733552649125      -0.166373031819710     
   2.12500000000000       0.153187100445392      -0.163905989400004     
   2.13281250000000       0.151753951547883      -0.161474333741571     
   2.14062500000000       0.150381769137714      -0.159064992236450     
   2.14843750000000       0.149032950052111      -0.156671051000435     
   2.15625000000000       0.147677208602455      -0.154289275476273     
   2.16406250000000       0.146287411599774      -0.151918982282700     
   2.17187500000000       0.144836411509123      -0.149561555053516     
   2.17968750000000       0.143293489870984      -0.147220380466822     
   2.18750000000000       0.141618394788067      -0.144901233359104     
   2.19531250000000       0.139746957976309      -0.142613517070437     
   2.20312500000000       0.137535426691015      -0.140374359168743     
   2.21093750000000       0.134425640948262      -0.138823924255717     
   2.21875000000000       0.132190837426034      -0.138386496572765     
   2.22656250000000       0.130467916129883      -0.137939915777462     
   2.23437500000000       0.129032710922867      -0.137480091277513     
   2.24218750000000       0.127802743905594      -0.137005579984520     
   2.25000000000000       0.126733252300516      -0.136516160416584     
   2.25781250000000       0.125795827817002      -0.136012483776923     
   2.26562500000000       0.124970963569420      -0.135496019153901     
   2.27343750000000       0.124244853980753      -0.134969144297609     
   2.28125000000000       0.123607968262584      -0.134435364107450     
   2.28906250000000       0.123054627818890      -0.133899704537767     
   2.29687500000000       0.122583471579583      -0.133369420601490     
   2.30468750000000       0.122199274923681      -0.132855380133648     
   2.31250000000000       0.121918019766141      -0.132375223955510     
   2.32031250000000       0.121783880688479      -0.131962945342024     
   2.32812500000000       0.122001503718848      -0.131736311794981     
   2.33593750000000       0.122802970398897      -0.130721805930687     
   2.34375000000000       0.123209331632781      -0.129408866854793     
   2.35156250000000       0.123470209472414      -0.127983486088077     
   2.35937500000000       0.123627077449815      -0.126472428597472     
   2.36718750000000       0.123694509274625      -0.124889371373704     
   2.37500000000000       0.123677463602379      -0.123243305569363     
   2.38281250000000       0.123576123015876      -0.121541059213091     
   2.39062500000000       0.123387674385946      -0.119788354426374     
   2.39843750000000       0.123106966181923      -0.117990345700928     
   2.40625000000000       0.122726579575674      -0.116151934203457     
   2.41406250000000       0.122236413636007      -0.114277969761212     
   2.42187500000000       0.121622607416093      -0.112373381944035     
   2.42968750000000       0.120865161424878      -0.110443231338935     
   2.43750000000000       0.119932232413791      -0.108492558547694     
   2.44531250000000       0.118762763274905      -0.106525328912743     
   2.45312500000000       0.117167062418218      -0.104534704620454     
   2.46093750000000       0.114956924555986      -0.103527915117711     
   2.46875000000000       0.113469929271893      -0.102933975016543     
   2.47656250000000       0.112243988381835      -0.102358283299450     
   2.48437500000000       0.111172500435217      -0.101787880610358     
   2.49218750000000       0.110208268058437      -0.101218487123241     
   2.50000000000000       0.109324380670823      -0.100648623537730     
   2.53125000000000       0.106313469268579      -9.837115873596930E-002
   2.56250000000000       0.103832590415680      -9.618571064780085E-002
   2.59375000000000       0.102241552100649      -9.433220506716061E-002
   2.62500000000000       0.100983643699939      -9.119108193607557E-002
   2.65625000000000       9.894280398079622E-002 -8.792116778509033E-002
   2.68750000000000       9.598463058786495E-002 -8.533804338254689E-002
   2.71875000000000       9.409604409816001E-002 -8.704935831287723E-002
   2.75000000000000       9.604714202582820E-002 -8.073973051387201E-002
   2.78125000000000       9.335283266079508E-002 -7.730573663958301E-002
   2.81250000000000       9.097475954013345E-002 -7.469002897366160E-002
   2.84375000000000       8.871505511423168E-002 -7.242627195529325E-002
   2.87500000000000       8.647237514243432E-002 -7.072644810908624E-002
   2.90625000000000       8.515726140561222E-002 -6.912761363450297E-002
   2.93750000000000       8.390456314284907E-002 -6.714336418267858E-002
   2.96875000000000       8.255719864777594E-002 -6.495326208474901E-002
   3.00000000000000       8.095547300837493E-002 -6.261927910110204E-002
   3.03125000000000       7.851333081306368E-002 -6.041253449985391E-002
   3.06250000000000       7.652634584320750E-002 -5.952380227564551E-002
   3.09375000000000       7.511889817610565E-002 -5.853847854369788E-002
   3.12500000000000       7.397767088519962E-002 -5.746311701250856E-002
   3.15625000000000       7.302807984726427E-002 -5.631540427606425E-002
   3.18750000000000       7.237592514465202E-002 -5.512170721252602E-002
   3.21875000000000       7.175274036130187E-002 -5.325125005599166E-002
   3.25000000000000       7.079720930699802E-002 -5.135886961033993E-002
   3.28125000000000       6.967341681634079E-002 -4.944273429415953E-002
   3.31250000000000       6.835996446405579E-002 -4.750478345232566E-002
   3.34375000000000       6.674692574335184E-002 -4.555243710295566E-002
   3.37500000000000       6.454929170968748E-002 -4.418239350538745E-002
   3.40625000000000       6.290613749136764E-002 -4.331079016981923E-002
   3.43750000000000       6.148442796320533E-002 -4.244042090423737E-002
   3.46875000000000       6.018018097435619E-002 -4.157207265742106E-002
   3.50000000000000       5.895318542590133E-002 -4.070982064728283E-002
   3.53125000000000       5.779013730246347E-002 -3.986475041336262E-002
   3.56250000000000       5.671137187053603E-002 -3.898449690341261E-002
   3.59375000000000       5.562439062810332E-002 -3.807127259379750E-002
   3.62500000000000       5.452590669057089E-002 -3.715003165123142E-002
   3.65625000000000       5.340227389412670E-002 -3.622721802795557E-002
   3.68750000000000       5.223075513911182E-002 -3.530927994787560E-002
   3.71875000000000       5.094489842470559E-002 -3.440774716989257E-002
   3.75000000000000       4.960820494227804E-002 -3.381966150787407E-002
   3.78125000000000       4.845985850193548E-002 -3.325541728323717E-002
   3.81250000000000       4.736065410847040E-002 -3.268012688030333E-002
   3.84375000000000       4.627261986584761E-002 -3.209675773641416E-002
   3.87500000000000       4.516202890592531E-002 -3.150772450638967E-002
   3.90625000000000       4.396537692153353E-002 -3.091506482319305E-002
   3.93750000000000       4.256130868918171E-002 -3.060659172013931E-002
   3.96875000000000       4.144693805210217E-002 -3.050156742024243E-002
   4.00000000000000       4.046306044473800E-002 -3.040234007014330E-002
   4.03125000000000       3.956412957953478E-002 -3.030914557613074E-002
   4.06250000000000       3.873077666349171E-002 -3.022390062000373E-002
   4.09375000000000       3.795183722294652E-002 -3.015088930002209E-002
   4.12500000000000       3.721914334873967E-002 -3.010944794134375E-002
   4.15625000000000       3.659895755060803E-002 -3.007769944384970E-002
   4.18750000000000       3.602790646453396E-002 -3.001531020746846E-002
   4.21875000000000       3.549875859743244E-002 -2.993927337652568E-002
   4.25000000000000       3.500979926623596E-002 -2.985405437694780E-002
   4.28125000000000       3.456286301992482E-002 -2.976220532934575E-002
   4.31250000000000       3.416713774976886E-002 -2.966552882504113E-002
   4.34375000000000       3.388587517472152E-002 -2.954560863511901E-002
   4.37500000000000       3.357256911061911E-002 -2.925320362299126E-002
   4.40625000000000       3.320358912695125E-002 -2.896434715104627E-002
   4.43750000000000       3.281489445788632E-002 -2.867718011996871E-002
   4.46875000000000       3.241391785620064E-002 -2.839199797632954E-002
   4.50000000000000       3.200218678235676E-002 -2.810971876940093E-002
   4.53125000000000       3.157720054325714E-002 -2.783208535934688E-002
   4.56250000000000       3.112532603741658E-002 -2.756390331619147E-002
   4.59375000000000       3.066977019953435E-002 -2.737940526736255E-002
   4.62500000000000       3.027242473231447E-002 -2.719706280523732E-002
   4.65625000000000       2.989423775099402E-002 -2.700988921938543E-002
   4.68750000000000       2.952804564360776E-002 -2.682062782138793E-002
   4.71875000000000       2.917047655060178E-002 -2.663138394184689E-002
   4.75000000000000       2.881964436200577E-002 -2.644455986657606E-002
   4.78125000000000       2.847496202496862E-002 -2.626414842063298E-002
   4.81250000000000       2.814862849958679E-002 -2.610271422631826E-002
   4.84375000000000       2.785298877665791E-002 -2.591735150131285E-002
   4.87500000000000       2.755423178803047E-002 -2.571665626469443E-002
   4.90625000000000       2.725067461921561E-002 -2.550734058065489E-002
   4.93750000000000       2.693941493926226E-002 -2.529205347138462E-002
   4.96875000000000       2.661625105281384E-002 -2.507255370380543E-002
   5.00000000000000       2.627417612192633E-002 -2.485031823723469E-002
   5.03125000000000       2.589781400056670E-002 -2.462681765321893E-002
   5.06250000000000       2.540654938789013E-002 -2.444463774267795E-002
   5.09375000000000       2.499583033633334E-002 -2.444665608604828E-002
   5.12500000000000       2.466806628196507E-002 -2.444915485985102E-002
   5.15625000000000       2.438702902249534E-002 -2.445238001174325E-002
   5.18750000000000       2.414354162720402E-002 -2.445719186512024E-002
   5.21875000000000       2.393547217885224E-002 -2.446483432459516E-002
   5.25000000000000       2.376569872895854E-002 -2.447722161164772E-002
   5.28125000000000       2.364517552351187E-002 -2.449789709999214E-002
   5.31250000000000       2.361654504523036E-002 -2.453739879159059E-002
   5.34375000000000       2.374566490273773E-002 -2.437228401047414E-002
   5.37500000000000       2.372726148089338E-002 -2.410006919405219E-002
   5.40625000000000       2.364790881581698E-002 -2.380994756330265E-002
   5.43750000000000       2.352410038003087E-002 -2.350727698095931E-002
   5.46875000000000       2.335978507578979E-002 -2.319466187549640E-002
   5.50000000000000       2.315307149644876E-002 -2.287365912602081E-002
   5.53125000000000       2.289604345616562E-002 -2.254511036589381E-002
   5.56250000000000       2.256833667274497E-002 -2.220875530388008E-002
   5.59375000000000       2.208125612035734E-002 -2.185811080761989E-002
   5.62500000000000       2.150266331845588E-002 -2.189360124450511E-002
   5.65625000000000       2.113400108129896E-002 -2.197247521288994E-002
   5.68750000000000       2.084425353857921E-002 -2.205831341823476E-002
   5.71875000000000       2.061030633450463E-002 -2.214921211874333E-002
   5.75000000000000       2.042357704322746E-002 -2.224471545712995E-002
   5.78125000000000       2.028193180808101E-002 -2.234504395562457E-002
   5.81250000000000       2.018856804954151E-002 -2.245104661802224E-002
   5.84375000000000       2.015522410995850E-002 -2.256466751494271E-002
   5.87500000000000       2.022336893994364E-002 -2.269167606014772E-002
   5.90625000000000       2.047833277210584E-002 -2.261053287030840E-002
   5.93750000000000       2.056353083779258E-002 -2.239273541394628E-002
   5.96875000000000       2.058271115654684E-002 -2.216510301358685E-002
   6.00000000000000       2.056098845192693E-002 -2.193126721449742E-002
   6.03125000000000       2.050726822847545E-002 -2.169280455680705E-002
   6.06250000000000       2.042478989823196E-002 -2.145060087688083E-002
   6.09375000000000       2.031332499477128E-002 -2.120518361349987E-002
   6.12500000000000       2.016889167886959E-002 -2.095678879727292E-002
   6.15625000000000       1.997998480491447E-002 -2.070517516555093E-002
   6.18750000000000       1.969554246036879E-002 -2.044754375493456E-002
   6.21875000000000       1.935641968775183E-002 -2.041636494866313E-002
   6.25000000000000       1.913962554771510E-002 -2.040952772617483E-002
   6.28125000000000       1.896620024823381E-002 -2.040556059137824E-002
   6.31250000000000       1.882209658386090E-002 -2.040369057492180E-002
   6.34375000000000       1.870165538783246E-002 -2.040373385280297E-002
   6.37500000000000       1.860256900089108E-002 -2.040576847533522E-002
   6.40625000000000       1.852468582396305E-002 -2.041008625945444E-002
   6.43750000000000       1.847015966372724E-002 -2.041727303705626E-002
   6.46875000000000       1.844541480494251E-002 -2.042853740436083E-002
   6.50000000000000       1.847302334849092E-002 -2.044750532443221E-002
   6.53125000000000       1.859300688528063E-002 -2.035480322472023E-002
   6.56250000000000       1.862614188587080E-002 -2.019703034188337E-002
   6.59375000000000       1.862559241603555E-002 -2.003324395383797E-002
   6.62500000000000       1.860342899350254E-002 -1.986567077629356E-002
   6.65625000000000       1.856400454096915E-002 -1.969533961052176E-002
   6.68750000000000       1.850894272042108E-002 -1.952287194692914E-002
   6.71875000000000       1.843826924080210E-002 -1.934869046758233E-002
   6.75000000000000       1.835051642392468E-002 -1.917308987807435E-002
   6.78125000000000       1.824198424143510E-002 -1.899623934827068E-002
   6.81250000000000       1.810367687022481E-002 -1.881806171208724E-002
   6.84375000000000       1.789389710576752E-002 -1.863678608591863E-002
   6.87500000000000       1.766414226920696E-002 -1.862516838905279E-002
   6.90625000000000       1.751811537906703E-002 -1.862175509478785E-002
   6.93750000000000       1.740355782850065E-002 -1.861968086753274E-002
   6.96875000000000       1.731059514445089E-002 -1.861857289390263E-002
   7.00000000000000       1.723502533617515E-002 -1.861836302556368E-002
   7.03125000000000       1.717488116965455E-002 -1.861910904219602E-002
   7.06250000000000       1.712949604420760E-002 -1.862095723566160E-002
   7.09375000000000       1.709930861409381E-002 -1.862415244573303E-002
   7.12500000000000       1.708619288131214E-002 -1.862909684710939E-002
   7.15625000000000       1.709492919839159E-002 -1.863653946916717E-002
   7.18750000000000       1.714150513709376E-002 -1.864856129623856E-002
   7.21875000000000       1.725213491457512E-002 -1.858151053174234E-002
   7.25000000000000       1.730243078461846E-002 -1.847081808804752E-002
   7.28125000000000       1.733126718372457E-002 -1.835720698473051E-002
   7.31250000000000       1.734762168733553E-002 -1.824188426593419E-002
   7.34375000000000       1.735506964314011E-002 -1.812540670452317E-002
   7.37500000000000       1.735540129521855E-002 -1.800811724893499E-002
   7.40625000000000       1.734953680650402E-002 -1.789026438575054E-002
   7.43750000000000       1.733783028151782E-002 -1.777205209313792E-002
   7.46875000000000       1.732012099759032E-002 -1.765366914323242E-002
   7.50000000000000       1.729554331391044E-002 -1.753531673700419E-002
   7.53125000000000       1.726170145442897E-002 -1.741725956967242E-002
   7.56250000000000       1.720883733955841E-002 -1.730007899953985E-002
   7.59375000000000       1.714454672446908E-002 -1.723190293785171E-002
   7.62500000000000       1.711111705940004E-002 -1.716952650222781E-002
   7.65625000000000       1.708874386065675E-002 -1.710651905539730E-002
   7.68750000000000       1.707405556824563E-002 -1.704307683133051E-002
   7.71875000000000       1.706576508003741E-002 -1.697932063068177E-002
   7.75000000000000       1.706338613631668E-002 -1.691534555367916E-002
   7.78125000000000       1.706690382444211E-002 -1.685123786930283E-002
   7.81250000000000       1.707670428443731E-002 -1.678708475946564E-002
   7.84375000000000       1.709365482742218E-002 -1.672298377949377E-002
   7.87500000000000       1.711939662857774E-002 -1.665905762502986E-002
   7.90625000000000       1.715721868880948E-002 -1.659548828588588E-002
   7.93750000000000       1.721581105728675E-002 -1.653264709447123E-002
   7.96875000000000       1.732667729179680E-002 -1.642961349664773E-002
   8.00000000000000       1.739155485942212E-002 -1.627245220039175E-002
   8.03125000000000       1.743286728896650E-002 -1.611429651744051E-002
   8.06250000000000       1.746054814274658E-002 -1.595552664313290E-002
   8.09375000000000       1.747812555314018E-002 -1.579631080369921E-002
   8.12500000000000       1.748733179143764E-002 -1.563675538462202E-002
   8.15625000000000       1.748909272137652E-002 -1.547694013385412E-002
   8.18750000000000       1.748386047147949E-002 -1.531693204900490E-002
   8.21875000000000       1.747172944409229E-002 -1.515679293179686E-002
   8.25000000000000       1.745243416002523E-002 -1.499658521561761E-002
   8.28125000000000       1.742521196424491E-002 -1.483637891767149E-002
   8.31250000000000       1.738833886038694E-002 -1.467626484478256E-002
   8.34375000000000       1.733713940572469E-002 -1.451639759003297E-002
   8.37500000000000       1.725349833011405E-002 -1.437921511833562E-002
   8.40625000000000       1.719520770079416E-002 -1.427508625435471E-002
   8.43750000000000       1.714912012804624E-002 -1.417056565386369E-002
   8.46875000000000       1.710880684790986E-002 -1.406578222218831E-002
   8.50000000000000       1.707197674743575E-002 -1.396079573784129E-002
   8.53125000000000       1.703742816618877E-002 -1.385564541363399E-002
   8.56250000000000       1.700440792585531E-002 -1.375036103789347E-002
   8.59375000000000       1.697238198875895E-002 -1.364496717129594E-002
   8.62500000000000       1.694092710946282E-002 -1.353948505206936E-002
   8.65625000000000       1.690966409034229E-002 -1.343393339969223E-002
   8.68750000000000       1.687819778673997E-002 -1.332832829276625E-002
   8.71875000000000       1.684602790358838E-002 -1.322268135691813E-002
   8.75000000000000       1.681232622480944E-002 -1.311699213643945E-002
   8.78125000000000       1.677481267884030E-002 -1.301119841502430E-002
   8.81250000000000       1.673055653291252E-002 -1.291695888032604E-002
   8.84375000000000       1.669648205536569E-002 -1.282831612229536E-002
   8.87500000000000       1.666667206901988E-002 -1.273982512450977E-002
   8.90625000000000       1.663978093317897E-002 -1.265144356134469E-002
   8.93750000000000       1.661527405297618E-002 -1.256316772761252E-002
   8.96875000000000       1.659290088899343E-002 -1.247500748249205E-002
   9.00000000000000       1.657256335381262E-002 -1.238698098202965E-002
   9.03125000000000       1.655427440258466E-002 -1.229911393337514E-002
   9.06250000000000       1.653815308503392E-002 -1.221144100897785E-002
   9.09375000000000       1.652444656315792E-002 -1.212400945243791E-002
   9.12500000000000       1.651358962837674E-002 -1.203688644888781E-002
   9.15625000000000       1.650634440927688E-002 -1.195017512402701E-002
   9.18750000000000       1.650417546988164E-002 -1.186405616696755E-002
   9.21875000000000       1.651070690364203E-002 -1.177894662094572E-002
   9.25000000000000       1.654412470791288E-002 -1.168221265510262E-002
   9.28125000000000       1.656046038907413E-002 -1.155125612685201E-002
   9.31250000000000       1.656304978844912E-002 -1.141873684700086E-002
   9.34375000000000       1.655783191920581E-002 -1.128533848747869E-002
   9.37500000000000       1.654669913361478E-002 -1.115130065841195E-002
   9.40625000000000       1.653052825627542E-002 -1.101675040973110E-002
   9.43750000000000       1.650975596163206E-002 -1.088176692846510E-002
   9.46875000000000       1.648456676667949E-002 -1.074640375614854E-002
   9.50000000000000       1.645496314261376E-002 -1.061069830334056E-002
   9.53125000000000       1.642078226923733E-002 -1.047467616669445E-002
   9.56250000000000       1.638167371506364E-002 -1.033835256300277E-002
   9.59375000000000       1.633702647457090E-002 -1.020173122119092E-002
   9.62500000000000       1.628579340813146E-002 -1.006479922229225E-002
   9.65625000000000       1.622602665648801E-002 -9.927511173322020E-003
   9.68750000000000       1.615316904099881E-002 -9.789727288241040E-003
   9.71875000000000       1.604298376732581E-002 -9.664053223783090E-003
   9.75000000000000       1.595229850148109E-002 -9.590903807574816E-003
   9.78125000000000       1.588117582963962E-002 -9.518469460520056E-003
   9.81250000000000       1.581936055726897E-002 -9.446361080469791E-003
   9.84375000000000       1.576374777456509E-002 -9.374467034636543E-003
   9.87500000000000       1.571281375152221E-002 -9.302736699545198E-003
   9.90625000000000       1.566567220179611E-002 -9.231144158923744E-003
   9.93750000000000       1.562176521708406E-002 -9.159676524849086E-003
   9.96875000000000       1.558073352023453E-002 -9.088329241883637E-003
   10.0000000000000       1.554235598655057E-002 -9.017104168149520E-003
   10.0312500000000       1.550652336434399E-002 -8.946009173158170E-003
   10.0625000000000       1.547323527972369E-002 -8.875059020920889E-003
   10.0937500000000       1.544262292132690E-002 -8.804278064442174E-003
   10.1250000000000       1.541501908038129E-002 -8.733706758337777E-003
   10.1562500000000       1.539116122305214E-002 -8.663419334074775E-003
   10.1875000000000       1.537301251346446E-002 -8.593593530982954E-003
   10.2187500000000       1.536992353031445E-002 -8.516385429083036E-003
   10.2500000000000       1.535753956163730E-002 -8.422094746276350E-003
   10.2812500000000       1.533896665567004E-002 -8.327220596135347E-003
   10.3125000000000       1.531720789744466E-002 -8.232029114157248E-003
   10.3437500000000       1.529326746138542E-002 -8.136615818365896E-003
   10.3750000000000       1.526764313525294E-002 -8.041032305188085E-003
   10.4062500000000       1.524062356899312E-002 -7.945311880341531E-003
   10.4375000000000       1.521239094528031E-002 -7.849478580703395E-003
   10.4687500000000       1.518306621229643E-002 -7.753551273436514E-003
   10.5000000000000       1.515273219883930E-002 -7.657545879989501E-003
   10.5312500000000       1.512144676826818E-002 -7.561476808190457E-003
   10.5625000000000       1.508925108282100E-002 -7.465358097485982E-003
   10.5937500000000       1.505617550035050E-002 -7.369204636946557E-003
   10.6250000000000       1.502224484430101E-002 -7.273033944806489E-003
   10.6562500000000       1.498748535845695E-002 -7.176869690629939E-003
   10.6875000000000       1.495194027137633E-002 -7.080751388053664E-003
   10.7187500000000       1.491574374531305E-002 -6.984783517791724E-003
   10.7500000000000       1.487955849605094E-002 -6.888335598148014E-003
   10.7812500000000       1.484202877783401E-002 -6.791066892805766E-003
   10.8125000000000       1.480325529760844E-002 -6.693566333772811E-003
   10.8437500000000       1.476327416262770E-002 -6.595899708660848E-003
   10.8750000000000       1.472206931048338E-002 -6.498097876862135E-003
   10.9062500000000       1.467960200260568E-002 -6.400179958255727E-003
   10.9375000000000       1.463581702647312E-002 -6.302159500017843E-003
   10.9687500000000       1.459064333969545E-002 -6.204046883230889E-003
   11.0000000000000       1.454399209569681E-002 -6.105850457186407E-003
   11.0312500000000       1.449575243083697E-002 -6.007577127088486E-003
   11.0625000000000       1.444578433480462E-002 -5.909232655757979E-003
   11.0937500000000       1.439390682317559E-002 -5.810821773706169E-003
   11.1250000000000       1.433987749684759E-002 -5.712348102919443E-003
   11.1562500000000       1.428335437503338E-002 -5.613813800419331E-003
   11.1875000000000       1.422381560367175E-002 -5.515218595741993E-003
   11.2187500000000       1.416035532286387E-002 -5.416557045913224E-003
   11.2500000000000       1.409094083261159E-002 -5.317807775739218E-003
   11.2812500000000       1.400517697154742E-002 -5.224703665989905E-003
   11.3125000000000       1.392797567321805E-002 -5.153983662809848E-003
   11.3437500000000       1.385870625087933E-002 -5.083375080653767E-003
   11.3750000000000       1.379289935929794E-002 -5.012808407303728E-003
   11.4062500000000       1.372914899809988E-002 -4.942264100656213E-003
   11.4375000000000       1.366672339424452E-002 -4.871733659966438E-003
   11.4687500000000       1.360515686069983E-002 -4.801213035412459E-003
   11.5000000000000       1.354411379527599E-002 -4.730700478238188E-003
   11.5312500000000       1.348332875922539E-002 -4.660195642373995E-003
   11.5625000000000       1.342257462264558E-002 -4.589699165000789E-003
   11.5937500000000       1.336164247193748E-002 -4.519212474733986E-003
   11.6250000000000       1.330032618208090E-002 -4.448737735671869E-003
   11.6562500000000       1.323840743976460E-002 -4.378277901640142E-003
   11.6875000000000       1.317563717234425E-002 -4.307836899475040E-003
   11.7187500000000       1.311170690021816E-002 -4.237420020752131E-003
   11.7500000000000       1.304619532579053E-002 -4.167034742934292E-003
   11.7812500000000       1.297844648420026E-002 -4.096692659592534E-003
   11.8125000000000       1.290719661379899E-002 -4.026415345921780E-003
   11.8437500000000       1.282818877776989E-002 -3.956270759050413E-003
   11.8750000000000       1.274299646784874E-002 -3.906491290058294E-003
   11.9062500000000       1.267081052816820E-002 -3.860076489186016E-003
   11.9375000000000       1.260295023401828E-002 -3.813572759958679E-003
   11.9687500000000       1.253775598928007E-002 -3.767008171265364E-003
   12.0000000000000       1.247445332430956E-002 -3.720396708274698E-003
   13.0000000000000       1.151487999167036E-002  0.000000000000000E+000
   14.0000000000000       1.069238856369391E-002  0.000000000000000E+000
   15.0000000000000       9.979562659447648E-003  0.000000000000000E+000
   16.0000000000000       9.355839993232170E-003  0.000000000000000E+000
   17.0000000000000       8.805496464218512E-003  0.000000000000000E+000
   18.0000000000000       8.316302216206373E-003  0.000000000000000E+000
   19.0000000000000       7.878602099563932E-003  0.000000000000000E+000
   20.0000000000000       7.484671994585736E-003  0.000000000000000E+000
   21.0000000000000       7.128259042462605E-003  0.000000000000000E+000
   22.0000000000000       6.804247267805214E-003  0.000000000000000E+000
   23.0000000000000       6.508410430074552E-003  0.000000000000000E+000
   24.0000000000000       6.237226662154780E-003  0.000000000000000E+000
   25.0000000000000       5.987737595668588E-003  0.000000000000000E+000
   26.0000000000000       5.757439995835181E-003  0.000000000000000E+000
   27.0000000000000       5.544201477470916E-003  0.000000000000000E+000
   28.0000000000000       5.346194281846954E-003  0.000000000000000E+000
   29.0000000000000       5.161842754886715E-003  0.000000000000000E+000
   30.0000000000000       4.989781329723824E-003  0.000000000000000E+000
   31.0000000000000       4.828820641668217E-003  0.000000000000000E+000
   32.0000000000000       4.677919996616085E-003  0.000000000000000E+000
   33.0000000000000       4.536164845203476E-003  0.000000000000000E+000
   34.0000000000000       4.402748232109256E-003  0.000000000000000E+000
   35.0000000000000       4.276955425477564E-003  0.000000000000000E+000
   36.0000000000000       4.158151108103187E-003  0.000000000000000E+000
   37.0000000000000       4.045768645722019E-003  0.000000000000000E+000
   38.0000000000000       3.939301049781966E-003  0.000000000000000E+000
   39.0000000000000       3.838293330556788E-003  0.000000000000000E+000
   40.0000000000000       3.742335997292868E-003  0.000000000000000E+000
   41.0000000000000       3.651059509554017E-003  0.000000000000000E+000
   42.0000000000000       3.564129521231303E-003  0.000000000000000E+000
   43.0000000000000       3.481242788179412E-003  0.000000000000000E+000
   44.0000000000000       3.402123633902607E-003  0.000000000000000E+000
   45.0000000000000       3.326520886482549E-003  0.000000000000000E+000
   46.0000000000000       3.254205215037276E-003  0.000000000000000E+000
   47.0000000000000       3.184966806206696E-003  0.000000000000000E+000
   48.0000000000000       3.118613331077390E-003  0.000000000000000E+000
   49.0000000000000       3.054968161055402E-003  0.000000000000000E+000
   50.0000000000000       2.993868797834294E-003  0.000000000000000E+000
   51.0000000000000       2.935165488072837E-003  0.000000000000000E+000
   52.0000000000000       2.878719997917591E-003  0.000000000000000E+000
   53.0000000000000       2.824404526258768E-003  0.000000000000000E+000
   54.0000000000000       2.772100738735458E-003  0.000000000000000E+000
   55.0000000000000       2.721698907122086E-003  0.000000000000000E+000
   56.0000000000000       2.673097140923477E-003  0.000000000000000E+000
   57.0000000000000       2.626200699854644E-003  0.000000000000000E+000
   58.0000000000000       2.580921377443357E-003  0.000000000000000E+000
   59.0000000000000       2.537176947317199E-003  0.000000000000000E+000
   60.0000000000000       2.494890664861912E-003  0.000000000000000E+000
   61.0000000000000       2.453990817896962E-003  0.000000000000000E+000
   62.0000000000000       2.414410320834108E-003  0.000000000000000E+000
   63.0000000000000       2.376086347487535E-003  0.000000000000000E+000
   64.0000000000000       2.338959998308042E-003  0.000000000000000E+000
   65.0000000000000       2.302975998334073E-003  0.000000000000000E+000
   66.0000000000000       2.268082422601738E-003  0.000000000000000E+000
   67.0000000000000       2.234230446144996E-003  0.000000000000000E+000
   68.0000000000000       2.201374116054628E-003  0.000000000000000E+000
   69.0000000000000       2.169470143358184E-003  0.000000000000000E+000
   70.0000000000000       2.138477712738782E-003  0.000000000000000E+000
   71.0000000000000       2.108358308334010E-003  0.000000000000000E+000
   72.0000000000000       2.079075554051593E-003  0.000000000000000E+000
   73.0000000000000       2.050595067009791E-003  0.000000000000000E+000
   74.0000000000000       2.022884322861010E-003  0.000000000000000E+000
   75.0000000000000       1.995912531889530E-003  0.000000000000000E+000
   76.0000000000000       1.969650524890983E-003  0.000000000000000E+000
   77.0000000000000       1.944070647944347E-003  0.000000000000000E+000
   78.0000000000000       1.919146665278394E-003  0.000000000000000E+000
   79.0000000000000       1.894853669515376E-003  0.000000000000000E+000
   80.0000000000000       1.871167998646434E-003  0.000000000000000E+000
   81.0000000000000       1.848067159156972E-003  0.000000000000000E+000
   82.0000000000000       1.825529754777009E-003  0.000000000000000E+000
   83.0000000000000       1.803535420382105E-003  0.000000000000000E+000
   84.0000000000000       1.782064760615651E-003  0.000000000000000E+000
   85.0000000000000       1.761099292843703E-003  0.000000000000000E+000
   86.0000000000000       1.740621394089706E-003  0.000000000000000E+000
   87.0000000000000       1.720614251628905E-003  0.000000000000000E+000
   88.0000000000000       1.701061816951304E-003  0.000000000000000E+000
   89.0000000000000       1.681948762828255E-003  0.000000000000000E+000
   90.0000000000000       1.663260443241275E-003  0.000000000000000E+000
   91.0000000000000       1.644982855952909E-003  0.000000000000000E+000
   92.0000000000000       1.627102607518638E-003  0.000000000000000E+000
   93.0000000000000       1.609606880556072E-003  0.000000000000000E+000
   94.0000000000000       1.592483403103348E-003  0.000000000000000E+000
   95.0000000000000       1.575720419912786E-003  0.000000000000000E+000
   96.0000000000000       1.559306665538695E-003  0.000000000000000E+000
   97.0000000000000       1.543231339089842E-003  0.000000000000000E+000
   98.0000000000000       1.527484080527701E-003  0.000000000000000E+000
   99.0000000000000       1.512054948401159E-003  0.000000000000000E+000
   100.000000000000       1.496934398917147E-003  0.000000000000000E+000
   101.000000000000       1.482113266254601E-003  0.000000000000000E+000
   102.000000000000       1.467582744036419E-003  0.000000000000000E+000
   103.000000000000       1.453334367880725E-003  0.000000000000000E+000
   104.000000000000       1.439359998958795E-003  0.000000000000000E+000
   105.000000000000       1.425651808492521E-003  0.000000000000000E+000
   106.000000000000       1.412202263129384E-003  0.000000000000000E+000
   107.000000000000       1.399004111137521E-003  0.000000000000000E+000
   108.000000000000       1.386050369367729E-003  0.000000000000000E+000
   109.000000000000       1.373334310933163E-003  0.000000000000000E+000
   110.000000000000       1.360849453561043E-003  0.000000000000000E+000
   111.000000000000       1.348589548574006E-003  0.000000000000000E+000
   112.000000000000       1.336548570461739E-003  0.000000000000000E+000
   113.000000000000       1.324720707006325E-003  0.000000000000000E+000
   114.000000000000       1.313100349927322E-003  0.000000000000000E+000
   115.000000000000       1.301682086014911E-003  0.000000000000000E+000
   116.000000000000       1.290460688721679E-003  0.000000000000000E+000
   117.000000000000       1.279431110185596E-003  0.000000000000000E+000
   118.000000000000       1.268588473658599E-003  0.000000000000000E+000
   119.000000000000       1.257928066316930E-003  0.000000000000000E+000
   120.000000000000       1.247445332430956E-003  0.000000000000000E+000
   121.000000000000       1.237135866873675E-003  0.000000000000000E+000
   122.000000000000       1.226995408948481E-003  0.000000000000000E+000
   123.000000000000       1.217019836518006E-003  0.000000000000000E+000
   124.000000000000       1.207205160417054E-003  0.000000000000000E+000
   125.000000000000       1.197547519133718E-003  0.000000000000000E+000
   126.000000000000       1.188043173743768E-003  0.000000000000000E+000
   127.000000000000       1.178688503084368E-003  0.000000000000000E+000
   128.000000000000       1.169479999154021E-003  0.000000000000000E+000
   129.000000000000       1.160414262726471E-003  0.000000000000000E+000
   130.000000000000       1.151487999167036E-003  0.000000000000000E+000
   131.000000000000       1.142698014440570E-003  0.000000000000000E+000
   132.000000000000       1.134041211300869E-003  0.000000000000000E+000
   133.000000000000       1.125514585651990E-003  0.000000000000000E+000
   134.000000000000       1.117115223072498E-003  0.000000000000000E+000
   135.000000000000       1.108840295494183E-003  0.000000000000000E+000
   136.000000000000       1.100687058027314E-003  0.000000000000000E+000
   137.000000000000       1.092652845924925E-003  0.000000000000000E+000
   138.000000000000       1.084735071679092E-003  0.000000000000000E+000
   139.000000000000       1.076931222242552E-003  0.000000000000000E+000
   140.000000000000       1.069238856369391E-003  0.000000000000000E+000
   141.000000000000       1.061655602068899E-003  0.000000000000000E+000
   142.000000000000       1.054179154167005E-003  0.000000000000000E+000
   143.000000000000       1.046807271970033E-003  0.000000000000000E+000
   144.000000000000       1.039537777025797E-003  0.000000000000000E+000
   145.000000000000       1.032368550977343E-003  0.000000000000000E+000
   146.000000000000       1.025297533504895E-003  0.000000000000000E+000
   147.000000000000       1.018322720351801E-003  0.000000000000000E+000
   148.000000000000       1.011442161430505E-003  0.000000000000000E+000
   149.000000000000       1.004653959004797E-003  0.000000000000000E+000
   150.000000000000       9.979562659447648E-004  0.000000000000000E+000
   151.000000000000       9.913472840510909E-004  0.000000000000000E+000
   152.000000000000       9.848252624454915E-004  0.000000000000000E+000
   153.000000000000       9.783884960242791E-004  0.000000000000000E+000
   154.000000000000       9.720353239721734E-004  0.000000000000000E+000
   155.000000000000       9.657641283336433E-004  0.000000000000000E+000
   156.000000000000       9.595733326391969E-004  0.000000000000000E+000
   157.000000000000       9.534614005841702E-004  0.000000000000000E+000
   158.000000000000       9.474268347576880E-004  0.000000000000000E+000
   159.000000000000       9.414681754195894E-004  0.000000000000000E+000
   160.000000000000       9.355839993232170E-004  0.000000000000000E+000
   161.000000000000       9.297729185820789E-004  0.000000000000000E+000
   162.000000000000       9.240335795784859E-004  0.000000000000000E+000
   163.000000000000       9.183646619123602E-004  0.000000000000000E+000
   164.000000000000       9.127648773885043E-004  0.000000000000000E+000
   165.000000000000       9.072329690406952E-004  0.000000000000000E+000
   166.000000000000       9.017677101910525E-004  0.000000000000000E+000
   167.000000000000       8.963679035432019E-004  0.000000000000000E+000
   168.000000000000       8.910323803078256E-004  0.000000000000000E+000
   169.000000000000       8.857599993592586E-004  0.000000000000000E+000
   170.000000000000       8.805496464218513E-004  0.000000000000000E+000
   171.000000000000       8.754002332848813E-004  0.000000000000000E+000
   172.000000000000       8.703106970448529E-004  0.000000000000000E+000
   173.000000000000       8.652799993740735E-004  0.000000000000000E+000
   174.000000000000       8.603071258144523E-004  0.000000000000000E+000
   175.000000000000       8.553910850955126E-004  0.000000000000000E+000
   176.000000000000       8.505309084756518E-004  0.000000000000000E+000
   177.000000000000       8.457256491057329E-004  0.000000000000000E+000
   178.000000000000       8.409743814141276E-004  0.000000000000000E+000
   179.000000000000       8.362762005123727E-004  0.000000000000000E+000
   180.000000000000       8.316302216206373E-004  0.000000000000000E+000
   181.000000000000       8.270355795122360E-004  0.000000000000000E+000
   182.000000000000       8.224914279764545E-004  0.000000000000000E+000
   183.000000000000       8.179969392989875E-004  0.000000000000000E+000
   184.000000000000       8.135513037593191E-004  0.000000000000000E+000
   185.000000000000       8.091537291444039E-004  0.000000000000000E+000
   186.000000000000       8.048034402780361E-004  0.000000000000000E+000
   187.000000000000       8.004996785653194E-004  0.000000000000000E+000
   188.000000000000       7.962417015516740E-004  0.000000000000000E+000
   189.000000000000       7.920287824958451E-004  0.000000000000000E+000
   190.000000000000       7.878602099563932E-004  0.000000000000000E+000
   191.000000000000       7.837352873911765E-004  0.000000000000000E+000
   192.000000000000       7.796533327693475E-004  0.000000000000000E+000
   193.000000000000       7.756136781954130E-004  0.000000000000000E+000
   194.000000000000       7.716156695449212E-004  0.000000000000000E+000
   195.000000000000       7.676586661113575E-004  0.000000000000000E+000
   196.000000000000       7.637420402638506E-004  0.000000000000000E+000
   197.000000000000       7.598651771153031E-004  0.000000000000000E+000
   198.000000000000       7.560274742005793E-004  0.000000000000000E+000
   199.000000000000       7.522283411643955E-004  0.000000000000000E+000
   200.000000000000       7.484671994585735E-004  0.000000000000000E+000
   201.000000000000       7.447434820483319E-004  0.000000000000000E+000
   202.000000000000       7.410566331273006E-004  0.000000000000000E+000
   203.000000000000       7.374061078409592E-004  0.000000000000000E+000
   204.000000000000       7.337913720182093E-004  0.000000000000000E+000
   205.000000000000       7.302119019108035E-004  0.000000000000000E+000
   206.000000000000       7.266671839403627E-004  0.000000000000000E+000
   207.000000000000       7.231567144527281E-004  0.000000000000000E+000
   208.000000000000       7.196799994793977E-004  0.000000000000000E+000
   209.000000000000       7.162365545058120E-004  0.000000000000000E+000
   210.000000000000       7.128259042462605E-004  0.000000000000000E+000
   211.000000000000       7.094475824251883E-004  0.000000000000000E+000
   212.000000000000       7.061011315646921E-004  0.000000000000000E+000
   213.000000000000       7.027861027780034E-004  0.000000000000000E+000
   214.000000000000       6.995020555687604E-004  0.000000000000000E+000
   215.000000000000       6.962485576358824E-004  0.000000000000000E+000
   216.000000000000       6.930251846838644E-004  0.000000000000000E+000
   217.000000000000       6.898315202383166E-004  0.000000000000000E+000
   218.000000000000       6.866671554665813E-004  0.000000000000000E+000
   219.000000000000       6.835316890032635E-004  0.000000000000000E+000
   220.000000000000       6.804247267805214E-004  0.000000000000000E+000
   221.000000000000       6.773458818629625E-004  0.000000000000000E+000
   222.000000000000       6.742947742870032E-004  0.000000000000000E+000
   223.000000000000       6.712710309045503E-004  0.000000000000000E+000
   224.000000000000       6.682742852308693E-004  0.000000000000000E+000
   225.000000000000       6.653041772965099E-004  0.000000000000000E+000
   226.000000000000       6.623603535031625E-004  0.000000000000000E+000
   227.000000000000       6.594424664833247E-004  0.000000000000000E+000
   228.000000000000       6.565501749636611E-004  0.000000000000000E+000
   229.000000000000       6.536831436319420E-004  0.000000000000000E+000
   230.000000000000       6.508410430074553E-004  0.000000000000000E+000
   231.000000000000       6.480235493147823E-004  0.000000000000000E+000
   232.000000000000       6.452303443608393E-004  0.000000000000000E+000
   233.000000000000       6.424611154150846E-004  0.000000000000000E+000
   234.000000000000       6.397155550927979E-004  0.000000000000000E+000
   235.000000000000       6.369933612413392E-004  0.000000000000000E+000
   236.000000000000       6.342942368292996E-004  0.000000000000000E+000
   237.000000000000       6.316178898384587E-004  0.000000000000000E+000
   238.000000000000       6.289640331584652E-004  0.000000000000000E+000
   239.000000000000       6.263323844841620E-004  0.000000000000000E+000
   240.000000000000       6.237226662154780E-004  0.000000000000000E+000
   241.000000000000       6.211346053598120E-004  0.000000000000000E+000
   242.000000000000       6.185679334368377E-004  0.000000000000000E+000
   243.000000000000       6.160223863856572E-004  0.000000000000000E+000
   244.000000000000       6.134977044742406E-004  0.000000000000000E+000
   245.000000000000       6.109936322110805E-004  0.000000000000000E+000
   246.000000000000       6.085099182590029E-004  0.000000000000000E+000
   247.000000000000       6.060463153510717E-004  0.000000000000000E+000
   248.000000000000       6.036025802085271E-004  0.000000000000000E+000
   249.000000000000       6.011784734607017E-004  0.000000000000000E+000
   250.000000000000       5.987737595668589E-004  0.000000000000000E+000
   251.000000000000       5.963882067398993E-004  0.000000000000000E+000
   252.000000000000       5.940215868718838E-004  0.000000000000000E+000
   253.000000000000       5.916736754613230E-004  0.000000000000000E+000
   254.000000000000       5.893442515421839E-004  0.000000000000000E+000
   255.000000000000       5.870330976145675E-004  0.000000000000000E+000
   256.000000000000       5.847399995770106E-004  0.000000000000000E+000
   257.000000000000       5.824647466603685E-004  0.000000000000000E+000
   258.000000000000       5.802071313632353E-004  0.000000000000000E+000
   259.000000000000       5.779669493888599E-004  0.000000000000000E+000
   260.000000000000       5.757439995835182E-004  0.000000000000000E+000
   261.000000000000       5.735380838763016E-004  0.000000000000000E+000
   262.000000000000       5.713490072202852E-004  0.000000000000000E+000
   263.000000000000       5.691765775350370E-004  0.000000000000000E+000
   264.000000000000       5.670206056504345E-004  0.000000000000000E+000
   265.000000000000       5.648809052517537E-004  0.000000000000000E+000
   266.000000000000       5.627572928259952E-004  0.000000000000000E+000
   267.000000000000       5.606495876094183E-004  0.000000000000000E+000
   268.000000000000       5.585576115362489E-004  0.000000000000000E+000
   269.000000000000       5.564811891885306E-004  0.000000000000000E+000
   270.000000000000       5.544201477470915E-004  0.000000000000000E+000
   271.000000000000       5.523743169435967E-004  0.000000000000000E+000
   272.000000000000       5.503435290136570E-004  0.000000000000000E+000
   273.000000000000       5.483276186509697E-004  0.000000000000000E+000
   274.000000000000       5.463264229624624E-004  0.000000000000000E+000
   275.000000000000       5.443397814244172E-004  0.000000000000000E+000
   276.000000000000       5.423675358395461E-004  0.000000000000000E+000
   277.000000000000       5.404095302949989E-004  0.000000000000000E+000
   278.000000000000       5.384656111212760E-004  0.000000000000000E+000
   279.000000000000       5.365356268520240E-004  0.000000000000000E+000
   280.000000000000       5.346194281846954E-004  0.000000000000000E+000
   281.000000000000       5.327168679420452E-004  0.000000000000000E+000
   282.000000000000       5.308278010344494E-004  0.000000000000000E+000
   283.000000000000       5.289520844230202E-004  0.000000000000000E+000
   284.000000000000       5.270895770835025E-004  0.000000000000000E+000
   285.000000000000       5.252401399709288E-004  0.000000000000000E+000
   286.000000000000       5.234036359850165E-004  0.000000000000000E+000
   287.000000000000       5.215799299362882E-004  0.000000000000000E+000
   288.000000000000       5.197688885128983E-004  0.000000000000000E+000
   289.000000000000       5.179703802481478E-004  0.000000000000000E+000
   290.000000000000       5.161842754886714E-004  0.000000000000000E+000
   291.000000000000       5.144104463632808E-004  0.000000000000000E+000
   292.000000000000       5.126487667524477E-004  0.000000000000000E+000
   293.000000000000       5.108991122584120E-004  0.000000000000000E+000
   294.000000000000       5.091613601759003E-004  0.000000000000000E+000
   295.000000000000       5.074353894634397E-004  0.000000000000000E+000
   296.000000000000       5.057210807152524E-004  0.000000000000000E+000
   297.000000000000       5.040183161337195E-004  0.000000000000000E+000
   298.000000000000       5.023269795023983E-004  0.000000000000000E+000
   299.000000000000       5.006469561595810E-004  0.000000000000000E+000
   300.000000000000       4.989781329723824E-004  0.000000000000000E+000
   301.000000000000       4.973203983113446E-004  0.000000000000000E+000
   302.000000000000       4.956736420255454E-004  0.000000000000000E+000
   303.000000000000       4.940377554182003E-004  0.000000000000000E+000
   304.000000000000       4.924126312227457E-004  0.000000000000000E+000
   305.000000000000       4.907981635793925E-004  0.000000000000000E+000
   306.000000000000       4.891942480121396E-004  0.000000000000000E+000
   307.000000000000       4.876007814062368E-004  0.000000000000000E+000
   308.000000000000       4.860176619860867E-004  0.000000000000000E+000
   309.000000000000       4.844447892935751E-004  0.000000000000000E+000
   310.000000000000       4.828820641668217E-004  0.000000000000000E+000
   311.000000000000       4.813293887193399E-004  0.000000000000000E+000
   312.000000000000       4.797866663195985E-004  0.000000000000000E+000
