  0.000000000000000E+000 -6.478100836181563E-002 -5.182343583063319E-007
  7.812500000000000E-003 -6.464326590532013E-002 -5.468965379351941E-004
  1.562500000000000E-002 -6.429967265133411E-002 -4.641120275866925E-004
  2.343750000000000E-002 -6.494696582087790E-002 -7.371516545746017E-004
  3.125000000000000E-002 -6.504399021544142E-002 -1.109462966712995E-003
  3.906250000000000E-002 -6.675932794592383E-002 -3.033225375942654E-003
  4.687500000000000E-002 -6.025277972956101E-002 -3.332714935823347E-003
  5.468750000000000E-002 -6.189755162805800E-002 -1.222234285068288E-003
  6.250000000000000E-002 -6.238041246686084E-002 -4.955571156171931E-004
  7.031250000000000E-002 -6.490621351848717E-002 -6.465830177260191E-004
  7.812500000000000E-002 -6.566378451902236E-002 -2.271358947523005E-003
  8.593750000000000E-002 -6.610642423841738E-002 -4.507066503696483E-003
  9.375000000000000E-002 -6.523119495069850E-002 -9.515386532408391E-003
  0.101562500000000      -5.684947665605226E-002 -1.032586542352696E-002
  0.109375000000000      -4.832584907121915E-002 -4.549987713356388E-003
  0.117187500000000      -5.458137420774933E-002  5.815580207617766E-003
  0.125000000000000      -5.917169524589682E-002  8.010698619438364E-003
  0.132812500000000      -6.290641328688640E-002  6.465200596850655E-003
  0.140625000000000      -6.569537737971559E-002  6.133418361551408E-003
  0.148437500000000      -6.747253095667856E-002  4.159993208324414E-003
  0.156250000000000      -6.831722911080168E-002  3.066331592702731E-003
  0.164062500000000      -6.927789861387203E-002  2.280900820476867E-003
  0.171875000000000      -7.035536543085326E-002  1.401928873040221E-003
  0.179687500000000      -7.155681770856813E-002  2.302817593144357E-004
  0.187500000000000      -7.253278089000884E-002 -1.603385174357280E-003
  0.195312500000000      -7.262082000277938E-002 -3.949582053399662E-003
  0.203125000000000      -7.142133153547263E-002 -5.216811326095188E-003
  0.210937500000000      -7.075572825451308E-002 -5.865774087966152E-003
  0.218750000000000      -7.022963946401699E-002 -6.412826915475750E-003
  0.226562500000000      -6.967001476044056E-002 -6.763874797365135E-003
  0.234375000000000      -6.918542331006185E-002 -6.916678842631948E-003
  0.242187500000000      -6.891672634617894E-002 -7.047442990193892E-003
  0.250000000000000      -6.824665982002714E-002 -7.399441440258088E-003
  0.257812500000000      -6.613939965842003E-002 -7.009908741458300E-003
  0.265625000000000      -6.644202297384348E-002 -3.751788171069818E-003
  0.273437500000000      -6.799335149508427E-002 -1.663855981431961E-003
  0.281250000000000      -7.123543739475674E-002  3.993589342635860E-004
  0.289062500000000      -7.464304907261655E-002 -5.766173738678063E-004
  0.296875000000000      -7.781101380414814E-002 -1.522919079211946E-003
  0.304687500000000      -8.202204860668151E-002 -4.938559065238048E-003
  0.312500000000000      -8.096154196434970E-002 -8.218765316772000E-003
  0.320312500000000      -8.194765022392922E-002 -9.990260194710171E-003
  0.328125000000000      -8.277152822351971E-002 -1.376789486514302E-002
  0.335937500000000      -8.056415081021434E-002 -1.563408468010646E-002
  0.343750000000000      -8.006774198095604E-002 -1.727884201045252E-002
  0.351562500000000      -7.837068700456895E-002 -1.933462518328781E-002
  0.359375000000000      -7.489054289457255E-002 -1.834281880736294E-002
  0.367187500000000      -7.541478066508669E-002 -1.595002175891223E-002
  0.375000000000000      -7.730555574482341E-002 -1.462369919163401E-002
  0.382812500000000      -8.061223012571148E-002 -1.428601855844718E-002
  0.390625000000000      -8.358441128844053E-002 -1.737513070768289E-002
  0.398437500000000      -8.471710714043389E-002 -2.000934075273263E-002
  0.406250000000000      -8.565955519041987E-002 -2.265080029265079E-002
  0.414062500000000      -8.611636331839966E-002 -2.602031591629317E-002
  0.421875000000000      -8.523090122174221E-002 -2.791305614834682E-002
  0.429687500000000      -8.554969378895383E-002 -2.939817519096470E-002
  0.437500000000000      -8.683747327594639E-002 -3.110556125321116E-002
  0.445312500000000      -9.013437420009217E-002 -3.477295768007214E-002
  0.453125000000000      -9.009987029321266E-002 -4.146341375226759E-002
  0.460937500000000      -8.839446072449154E-002 -4.783265107595765E-002
  0.468750000000000      -8.505787385599331E-002 -5.438572247509067E-002
  0.476562500000000      -7.879125426171661E-002 -6.157829201315274E-002
  0.484375000000000      -6.829328526951357E-002 -6.276964660953618E-002
  0.492187500000000      -6.131875099130971E-002 -6.104662062481220E-002
  0.500000000000000      -5.589164151158130E-002 -5.872018380579052E-002
  0.507812500000000      -5.119411249099372E-002 -5.579581491795526E-002
  0.515625000000000      -4.828426128106892E-002 -5.154571540765158E-002
  0.523437500000000      -4.680060472706696E-002 -4.856711037486091E-002
  0.531250000000000      -4.542038273941587E-002 -4.602727057431209E-002
  0.539062500000000      -4.408383074827260E-002 -4.343046078014391E-002
  0.546875000000000      -4.296522602491656E-002 -3.998058861692445E-002
  0.554687500000000      -4.409151595736226E-002 -3.704215007306584E-002
  0.562500000000000      -4.511526809814841E-002 -3.520434709143991E-002
  0.570312500000000      -4.610825580247092E-002 -3.374685513369795E-002
  0.578125000000000      -4.724488736438424E-002 -3.244937368763021E-002
  0.585937500000000      -4.928812872268962E-002 -3.151958322994296E-002
  0.593750000000000      -5.077646848857165E-002 -3.219350168710935E-002
  0.601562500000000      -5.151901372618267E-002 -3.297257242772855E-002
  0.609375000000000      -5.185214944032415E-002 -3.371247032246343E-002
  0.617187500000000      -5.198227707801827E-002 -3.433878622141316E-002
  0.625000000000000      -5.224495783757466E-002 -3.521685583967429E-002
  0.632812500000000      -5.170146355254172E-002 -3.623232841454221E-002
  0.640625000000000      -5.086497550225112E-002 -3.692214585170193E-002
  0.648437500000000      -4.980682961379300E-002 -3.729771586928880E-002
  0.656250000000000      -4.858704171204090E-002 -3.723617208116765E-002
  0.664062500000000      -4.733712585571555E-002 -3.626235385254805E-002
  0.671875000000000      -4.799869389230949E-002 -3.532620586540257E-002
  0.679687500000000      -4.845160176623124E-002 -3.544400989719282E-002
  0.687500000000000      -4.868013056266162E-002 -3.601335735180583E-002
  0.695312500000000      -4.859061102557106E-002 -3.710225316767449E-002
  0.703125000000000      -4.745311440361379E-002 -3.908959681742862E-002
  0.710937500000000      -4.304693466094631E-002 -3.856565168940006E-002
  0.718750000000000      -4.201137522600985E-002 -3.616243754114056E-002
  0.726562500000000      -4.166393573334414E-002 -3.438638512113027E-002
  0.734375000000000      -4.166079990166090E-002 -3.276908307828569E-002
  0.742187500000000      -4.206624659830800E-002 -3.119601234161996E-002
  0.750000000000000      -4.320956294690868E-002 -2.969133190682186E-002
  0.757812500000000      -4.512673480655230E-002 -3.017703804360625E-002
  0.765625000000000      -4.519271817984973E-002 -3.098965074345856E-002
  0.773437500000000      -4.462585455209628E-002 -3.140652252933916E-002
  0.781250000000000      -4.355453686175307E-002 -3.132727061711907E-002
  0.789062500000000      -4.205591421421936E-002 -3.040970476141120E-002
  0.796875000000000      -4.046619129442030E-002 -2.790189794452390E-002
  0.804687500000000      -4.208441129742119E-002 -2.334263002140454E-002
  0.812500000000000      -4.508855201306639E-002 -2.186099892059209E-002
  0.820312500000000      -4.766224637636935E-002 -2.122162152378358E-002
  0.828125000000000      -5.007621216935381E-002 -2.097012277690992E-002
  0.835937500000000      -5.252382069331542E-002 -2.098839927382871E-002
  0.843750000000000      -5.528215535882802E-002 -2.133538348916013E-002
  0.851562500000000      -5.889878563511806E-002 -2.343505925724210E-002
  0.859375000000000      -5.942769175733547E-002 -2.618540844206313E-002
  0.867187500000000      -5.977075457970347E-002 -2.781148092539014E-002
  0.875000000000000      -6.020977614438940E-002 -2.906043224163806E-002
  0.882812500000000      -6.082414123135919E-002 -3.021222926624309E-002
  0.890625000000000      -6.165248840842900E-002 -3.153576158002228E-002
  0.898437500000000      -6.264786212068588E-002 -3.355140517031689E-002
  0.906250000000000      -6.152258466726211E-002 -3.718755153051397E-002
  0.914062500000000      -5.898611486962654E-002 -3.783560355404414E-002
  0.921875000000000      -5.721492215270741E-002 -3.718676292270268E-002
  0.929687500000000      -5.626648676251505E-002 -3.572246608425957E-002
  0.937500000000000      -5.628277537177608E-002 -3.370487276304664E-002
  0.945312500000000      -5.746940574684515E-002 -3.136666184810760E-002
  0.953125000000000      -6.018364581657162E-002 -2.901370018613599E-002
  0.960937500000000      -6.533285109659266E-002 -2.827415216508534E-002
  0.968750000000000      -6.924642870298556E-002 -2.981090539091680E-002
  0.976562500000000      -7.281850256594133E-002 -3.158126283005233E-002
  0.984375000000000      -7.644606342544709E-002 -3.379427233567181E-002
  0.992187500000000      -8.022905865764364E-002 -3.666122050095356E-002
   1.00000000000000      -8.415584158374563E-002 -4.046130141800354E-002
   1.00781250000000      -8.807661696721056E-002 -4.562872109403251E-002
   1.01562500000000      -9.140149632484135E-002 -5.323092427028765E-002
   1.02343750000000      -9.024226366907064E-002 -6.091644062450841E-002
   1.03125000000000      -8.920855519828545E-002 -6.690273389051178E-002
   1.03906250000000      -8.809880451854921E-002 -7.283755146848865E-002
   1.04687500000000      -8.664614662235644E-002 -7.909222798312235E-002
   1.05468750000000      -8.450876161056088E-002 -8.588967302111078E-002
   1.06250000000000      -8.114308432616149E-002 -9.336198029258327E-002
   1.07031250000000      -7.553506929235199E-002 -0.101445458370581     
   1.07812500000000      -6.439967045378471E-002 -0.108080742308533     
   1.08593750000000      -5.536325075463594E-002 -0.107396545452217     
   1.09375000000000      -4.881321661137691E-002 -0.106559490474840     
   1.10156250000000      -4.339313930968245E-002 -0.105628570926345     
   1.10937500000000      -3.871155887665005E-002 -0.104671397181739     
   1.11718750000000      -3.456861452187274E-002 -0.103748595877803     
   1.12500000000000      -3.083240902867593E-002 -0.102930620468677     
   1.13281250000000      -2.738659293286907E-002 -0.102326845798162     
   1.14062500000000      -2.404669704691540E-002 -0.102285000198829     
   1.14843750000000      -1.945371678757080E-002 -0.101998198203902     
   1.15625000000000      -1.512196728805611E-002 -0.100914767316368     
   1.16406250000000      -1.094951112634996E-002 -9.946258891967932E-002
   1.17187500000000      -6.897303744032872E-003 -9.766035226149360E-002
   1.17968750000000      -2.967922135951657E-003 -9.546531839913393E-002
   1.18750000000000       7.941571184154872E-004 -9.280096409805361E-002
   1.19531250000000       4.285705888133945E-003 -8.955644077652881E-002
   1.20312500000000       7.288460140010866E-003 -8.553780427776268E-002
   1.21093750000000       8.394068025818756E-003 -8.058228420574466E-002
   1.21875000000000       8.424330247174493E-003 -7.747508661999537E-002
   1.22656250000000       8.618859038601143E-003 -7.494802836334993E-002
   1.23437500000000       8.839209174360020E-003 -7.270909023480428E-002
   1.24218750000000       9.019197580214919E-003 -7.066148202916452E-002
   1.25000000000000       9.104464277921113E-003 -6.877451946332090E-002
   1.25781250000000       9.041664648502283E-003 -6.706633533226856E-002
   1.26562500000000       8.777695511733689E-003 -6.561687546723685E-002
   1.27343750000000       8.261422971356349E-003 -6.463498989117275E-002
   1.28125000000000       8.079486509542124E-003 -6.497958455220121E-002
   1.28906250000000       9.263579398199559E-003 -6.486512911355655E-002
   1.29687500000000       1.059048537971419E-002 -6.429847417283716E-002
   1.30468750000000       1.198915484499293E-002 -6.344739648074264E-002
   1.31250000000000       1.341631244149509E-002 -6.235104142397081E-002
   1.32031250000000       1.483010857277749E-002 -6.101959771779914E-002
   1.32812500000000       1.618510176951885E-002 -5.945717044272648E-002
   1.33593750000000       1.744091758889675E-002 -5.767307493527104E-002
   1.34375000000000       1.862011830550362E-002 -5.564335110835630E-002
   1.35156250000000       1.959484775119819E-002 -5.276022692079866E-002
   1.35937500000000       1.865207638737811E-002 -5.059109894572940E-002
   1.36718750000000       1.833263884446211E-002 -4.936179555327224E-002
   1.37500000000000       1.834192495815884E-002 -4.830434962373616E-002
   1.38281250000000       1.858652218655947E-002 -4.727925862629997E-002
   1.39062500000000       1.901697580360648E-002 -4.620605163455149E-002
   1.39843750000000       1.959455745151207E-002 -4.501937268838172E-002
   1.40625000000000       2.027721345632487E-002 -4.365518625317236E-002
   1.41406250000000       2.100761029674091E-002 -4.204362620804045E-002
   1.42187500000000       2.169574206511275E-002 -4.009878689958480E-002
   1.42968750000000       2.215703172795336E-002 -3.761244318766648E-002
   1.43750000000000       2.152841060352753E-002 -3.529982835467456E-002
   1.44531250000000       2.096511200072482E-002 -3.346385705573228E-002
   1.45312500000000       2.041855925506825E-002 -3.174744940499070E-002
   1.46093750000000       1.984462441716971E-002 -3.007063676036508E-002
   1.46875000000000       1.919501859270823E-002 -2.840117722475887E-002
   1.47656250000000       1.841436715744456E-002 -2.674073079817051E-002
   1.48437500000000       1.744866151800521E-002 -2.513225601032900E-002
   1.49218750000000       1.627372522884551E-002 -2.366950013176865E-002
   1.50000000000000       1.495145688785771E-002 -2.248114211305552E-002
   1.50781250000000       1.370238059129864E-002 -2.163671141571349E-002
   1.51562500000000       1.270375038896124E-002 -2.072459492081543E-002
   1.52343750000000       1.153742286341737E-002 -1.985442199509875E-002
   1.53125000000000       1.034487080637748E-002 -1.909284728888177E-002
   1.53906250000000       9.128866699660322E-003 -1.842715604292226E-002
   1.54687500000000       7.886239842770051E-003 -1.785853171014052E-002
   1.55468750000000       6.613451470333096E-003 -1.739448989025386E-002
   1.56250000000000       5.307600041022370E-003 -1.704821167697250E-002
   1.57031250000000       3.966703817817803E-003 -1.684000535098487E-002
   1.57812500000000       2.589548449644406E-003 -1.680184729887470E-002
   1.58593750000000       1.174414025352744E-003 -1.699147253650821E-002
   1.59375000000000      -2.882504458197146E-004 -1.756208907450023E-002
   1.60156250000000      -1.028940377092774E-003 -1.891042687379441E-002
   1.60937500000000      -1.147223351605352E-003 -1.960358441327866E-002
   1.61718750000000      -1.243470198204736E-003 -2.003431062954510E-002
   1.62500000000000      -1.331810389934667E-003 -2.031849831726242E-002
   1.63281250000000      -1.421790546164903E-003 -2.050281081003944E-002
   1.64062500000000      -1.520823639118023E-003 -2.061497601152700E-002
   1.64843750000000      -1.633951255367963E-003 -2.067569282263478E-002
   1.65625000000000      -1.762772879403917E-003 -2.070252629251136E-002
   1.66406250000000      -1.903832808943154E-003 -2.071048448256511E-002
   1.67187500000000      -2.046587259619253E-003 -2.070966123825218E-002
   1.67968750000000      -2.171079547140593E-003 -2.069678257657305E-002
   1.68750000000000      -2.270764088767955E-003 -2.059444238837914E-002
   1.69531250000000      -2.479104083885190E-003 -2.050041038678993E-002
   1.70312500000000      -2.690871855029211E-003 -2.041472209929956E-002
   1.71093750000000      -2.922877251248481E-003 -2.033396462145420E-002
   1.71875000000000      -3.175344013721949E-003 -2.026364185226822E-002
   1.72656250000000      -3.447304166096961E-003 -2.020831115865390E-002
   1.73437500000000      -3.738292995683968E-003 -2.017226566195969E-002
   1.74218750000000      -4.048728650333698E-003 -2.016038744255278E-002
   1.75000000000000      -4.380115740018431E-003 -2.017913151948752E-002
   1.75781250000000      -4.735410735383389E-003 -2.023808880244043E-002
   1.76562500000000      -5.119995331113011E-003 -2.035337252168360E-002
   1.77343750000000      -5.545042861874674E-003 -2.055816049070046E-002
   1.78125000000000      -6.057945788716937E-003 -2.100309707324673E-002
   1.78906250000000      -6.070808876939430E-003 -2.165193061293081E-002
   1.79687500000000      -5.964768873479936E-003 -2.210153935919218E-002
   1.80468750000000      -5.794341892675508E-003 -2.246169598665273E-002
   1.81250000000000      -5.574458005277870E-003 -2.275153309548805E-002
   1.82031250000000      -5.313629203059188E-003 -2.297724182499347E-002
   1.82812500000000      -5.018034068790853E-003 -2.313988533480571E-002
   1.83593750000000      -4.692906068244337E-003 -2.323749014538921E-002
   1.84375000000000      -4.343214151287273E-003 -2.326553820451947E-002
   1.85156250000000      -3.974118894186132E-003 -2.321655033239673E-002
   1.85937500000000      -3.591409775338776E-003 -2.307843629485461E-002
   1.86718750000000      -3.202138213589536E-003 -2.282960296956325E-002
   1.87500000000000      -2.816105617877930E-003 -2.241921114184034E-002
   1.88281250000000      -2.659241759651312E-003 -2.163197767894998E-002
   1.89062500000000      -2.938313187508635E-003 -2.112384467767574E-002
   1.89843750000000      -3.223333292550616E-003 -2.078340465633632E-002
   1.90625000000000      -3.516350187173146E-003 -2.053274328354039E-002
   1.91406250000000      -3.818275835088769E-003 -2.034879262579896E-002
   1.92187500000000      -4.129392810369753E-003 -2.022264520566067E-002
   1.92968750000000      -4.449401425839346E-003 -2.015175396339260E-002
   1.93750000000000      -4.777355222651567E-003 -2.013748035044763E-002
   1.94531250000000      -5.111519747721376E-003 -2.018437272716696E-002
   1.95312500000000      -5.449129546682754E-003 -2.030043490996992E-002
   1.96093750000000      -5.785947351650036E-003 -2.049860196423060E-002
   1.96875000000000      -6.115313831991940E-003 -2.080101297158012E-002
   1.97656250000000      -6.425313036127226E-003 -2.125385792402806E-002
   1.98437500000000      -6.662154376145986E-003 -2.208104479931657E-002
   1.99218750000000      -6.126676386954485E-003 -2.277095454302121E-002
   2.00000000000000      -5.617105087558139E-003 -2.313387681602294E-002
   2.00781250000000      -5.109888006283286E-003 -2.335690623857434E-002
   2.01562500000000      -4.602923634513013E-003 -2.347836810542026E-002
   2.02343750000000      -4.097352842989285E-003 -2.351421761444636E-002
   2.03125000000000      -3.595852367191853E-003 -2.347206206475567E-002
   2.03906250000000      -3.102262322318838E-003 -2.335539827351037E-002
   2.04687500000000      -2.621564114784431E-003 -2.316532399944415E-002
   2.05468750000000      -2.160022158484016E-003 -2.290129672140665E-002
   2.06250000000000      -1.725482247520422E-003 -2.256135212290461E-002
   2.07031250000000      -1.327959279586032E-003 -2.214171434024475E-002
   2.07812500000000      -9.810221523897623E-004 -2.163501036332178E-002
   2.08593750000000      -7.063620717069495E-004 -2.102299113151589E-002
   2.09375000000000      -5.966778559998177E-004 -2.019500865985585E-002
   2.10156250000000      -9.106986187589418E-004 -1.963121533389322E-002
   2.10937500000000      -1.146720601389105E-003 -1.923979890340914E-002
   2.11718750000000      -1.358478323411002E-003 -1.891403367593086E-002
   2.12500000000000      -1.559195230392945E-003 -1.862945029141069E-002
   2.13281250000000      -1.755200226767450E-003 -1.837523709747543E-002
   2.14062500000000      -1.950187739065670E-003 -1.814572602898143E-002
   2.14843750000000      -2.146577078291322E-003 -1.793777214350622E-002
   2.15625000000000      -2.346108639921655E-003 -1.774969325170768E-002
   2.16406250000000      -2.550174844269682E-003 -1.758079341408825E-002
   2.17187500000000      -2.760061275095520E-003 -1.743117532762238E-002
   2.17968750000000      -2.977199680386712E-003 -1.730176705673594E-002
   2.18750000000000      -3.203567448414868E-003 -1.719464061272198E-002
   2.19531250000000      -3.442619497993066E-003 -1.711405185580335E-002
   2.20312500000000      -3.702844732779601E-003 -1.707068087118508E-002
   2.21093750000000      -3.977889319053126E-003 -1.714656725010690E-002
   2.21875000000000      -4.116130547459695E-003 -1.725126591824931E-002
   2.22656250000000      -4.214823218802942E-003 -1.733006368042128E-002
   2.23437500000000      -4.289660774121736E-003 -1.739507263106759E-002
   2.24218750000000      -4.346848028938262E-003 -1.745010798209651E-002
   2.25000000000000      -4.390015985489513E-003 -1.749699891400415E-002
   2.25781250000000      -4.421682362235189E-003 -1.753683217604434E-002
   2.26562500000000      -4.443774655244557E-003 -1.757039065324785E-002
   2.27343750000000      -4.457862121486245E-003 -1.759836580188189E-002
   2.28125000000000      -4.465265657606963E-003 -1.762149577636377E-002
   2.28906250000000      -4.467100164687121E-003 -1.764069010305533E-002
   2.29687500000000      -4.464261677205026E-003 -1.765718611852441E-002
   2.30468750000000      -4.457337965112875E-003 -1.767281017137626E-002
   2.31250000000000      -4.446344686756929E-003 -1.769054534791169E-002
   2.32031250000000      -4.429829323543937E-003 -1.771626433179948E-002
   2.32812500000000      -4.397761764673481E-003 -1.777165845275808E-002
   2.33593750000000      -4.276595939670056E-003 -1.778854833983363E-002
   2.34375000000000      -4.177982206328433E-003 -1.775469425748672E-002
   2.35156250000000      -4.090380369859183E-003 -1.770204940671396E-002
   2.35937500000000      -4.010883006217163E-003 -1.763606627527680E-002
   2.36718750000000      -3.938334761711113E-003 -1.755927848960642E-002
   2.37500000000000      -3.872254534235303E-003 -1.747316106233425E-002
   2.38281250000000      -3.812520622065687E-003 -1.737868351362075E-002
   2.39062500000000      -3.759251269224960E-003 -1.727653733395645E-002
   2.39843750000000      -3.712760536011367E-003 -1.716724864818880E-002
   2.40625000000000      -3.673556224046133E-003 -1.705124207546270E-002
   2.41406250000000      -3.642375424640248E-003 -1.692888172128099E-002
   2.42187500000000      -3.620274133767442E-003 -1.680050175801095E-002
   2.42968750000000      -3.608825541196758E-003 -1.666643462202220E-002
   2.43750000000000      -3.610600211110423E-003 -1.652704537396503E-002
   2.44531250000000      -3.630647107493250E-003 -1.638278748068938E-002
   2.45312500000000      -3.685121693015212E-003 -1.623428097671976E-002
   2.46093750000000      -3.779142689727593E-003 -1.616921185870550E-002
   2.46875000000000      -3.804225384587634E-003 -1.612103411478100E-002
   2.47656250000000      -3.807067290856309E-003 -1.605990271922227E-002
   2.48437500000000      -3.798612662839367E-003 -1.598570682508648E-002
   2.49218750000000      -3.784355011718744E-003 -1.589845159095633E-002
   2.50000000000000      -3.767946634579991E-003 -1.579815335547015E-002
   2.53125000000000      -3.733291968722290E-003 -1.526699204762766E-002
   2.56250000000000      -3.863462527055953E-003 -1.451512623984578E-002
   2.59375000000000      -4.659926085024433E-003 -1.354288710080634E-002
   2.62500000000000      -5.720548027961453E-003 -1.354218392037246E-002
   2.65625000000000      -6.502347570475294E-003 -1.380914876910940E-002
   2.68750000000000      -7.147921456351127E-003 -1.433360393623721E-002
   2.71875000000000      -7.298611063911325E-003 -1.554459476092649E-002
   2.75000000000000      -6.536152572280270E-003 -1.542043119132714E-002
   2.78125000000000      -6.461431998424209E-003 -1.539208328322058E-002
   2.81250000000000      -6.403545684183143E-003 -1.539228725098134E-002
   2.84375000000000      -6.362016329466577E-003 -1.540273914881001E-002
   2.87500000000000      -6.307946385000277E-003 -1.551093519583911E-002
   2.90625000000000      -6.028769286695482E-003 -1.550081217896207E-002
   2.93750000000000      -5.791450149874453E-003 -1.532765269482900E-002
   2.96875000000000      -5.620996634924865E-003 -1.503317600730206E-002
   3.00000000000000      -5.567133713308177E-003 -1.461890126077531E-002
   3.03125000000000      -5.850896091752952E-003 -1.408413310412928E-002
   3.06250000000000      -6.285279828922420E-003 -1.399896517248805E-002
   3.09375000000000      -6.613592341553629E-003 -1.400614740567676E-002
   3.12500000000000      -6.908447556561659E-003 -1.408398853163334E-002
   3.15625000000000      -7.177894363025710E-003 -1.424530921510907E-002
   3.18750000000000      -7.411219200530507E-003 -1.455163947448442E-002
   3.21875000000000      -7.334607375261038E-003 -1.488820319550849E-002
   3.25000000000000      -7.220025165421014E-003 -1.509022771707584E-002
   3.28125000000000      -7.076188021675625E-003 -1.523431759864478E-002
   3.31250000000000      -6.905003576063374E-003 -1.532316238296951E-002
   3.34375000000000      -6.710443591927145E-003 -1.533689572477491E-002
   3.37500000000000      -6.611641175580974E-003 -1.523444664426909E-002
   3.40625000000000      -6.567522789930080E-003 -1.522004149766847E-002
   3.43750000000000      -6.497770971915652E-003 -1.521824077756856E-002
   3.46875000000000      -6.404157926042350E-003 -1.520385272597344E-002
   3.50000000000000      -6.286388034313299E-003 -1.515432346350828E-002
   3.53125000000000      -6.137090622169286E-003 -1.501318616759395E-002
   3.56250000000000      -6.222203983908890E-003 -1.474243819903259E-002
   3.59375000000000      -6.382765438072071E-003 -1.463904863500719E-002
   3.62500000000000      -6.554751276016030E-003 -1.460473109807051E-002
   3.65625000000000      -6.741201643063002E-003 -1.462807342375812E-002
   3.68750000000000      -6.949770511381770E-003 -1.472115428331444E-002
   3.71875000000000      -7.201420869566746E-003 -1.495721569941620E-002
   3.75000000000000      -7.134699832325470E-003 -1.537620761732317E-002
   3.78125000000000      -6.975140108401000E-003 -1.559888462311079E-002
   3.81250000000000      -6.805107446662950E-003 -1.574388230168234E-002
   3.84375000000000      -6.639298865853035E-003 -1.583038373382864E-002
   3.87500000000000      -6.495563624141041E-003 -1.586458330078299E-002
   3.90625000000000      -6.412307151899607E-003 -1.584598482388166E-002
   3.93750000000000      -6.490426619268468E-003 -1.594226570509766E-002
   3.96875000000000      -6.415504716116378E-003 -1.615541617948135E-002
   4.00000000000000      -6.260863010390785E-003 -1.634527885593596E-002
   4.03125000000000      -6.054322042332088E-003 -1.650156000964415E-002
   4.06250000000000      -5.809543825854175E-003 -1.661646220701187E-002
   4.09375000000000      -5.535949048445342E-003 -1.668103879208854E-002
   4.12500000000000      -5.233921809364388E-003 -1.666590088215222E-002
   4.15625000000000      -5.033302458234332E-003 -1.658623062634761E-002
   4.18750000000000      -4.846877142648474E-003 -1.652928761470708E-002
   4.21875000000000      -4.663873080918812E-003 -1.646583200122933E-002
   4.25000000000000      -4.483863784393855E-003 -1.638703708369801E-002
   4.28125000000000      -4.308548513594294E-003 -1.628552627500835E-002
   4.31250000000000      -4.141226798021167E-003 -1.615009346101772E-002
   4.34375000000000      -4.004651328733819E-003 -1.592643389223371E-002
   4.37500000000000      -4.026910455936318E-003 -1.575199114619919E-002
   4.40625000000000      -4.046672874355089E-003 -1.564057484170719E-002
   4.43750000000000      -4.068570460336225E-003 -1.555547413184526E-002
   4.46875000000000      -4.095993453657429E-003 -1.548689436652599E-002
   4.50000000000000      -4.133360903608295E-003 -1.542994175388589E-002
   4.53125000000000      -4.188874663579238E-003 -1.538103954935803E-002
   4.56250000000000      -4.290071586571434E-003 -1.533388842261238E-002
   4.59375000000000      -4.460522518303341E-003 -1.542769303790544E-002
   4.62500000000000      -4.532847271538446E-003 -1.558050470136281E-002
   4.65625000000000      -4.561948981202678E-003 -1.575092356219143E-002
   4.68750000000000      -4.557718460477691E-003 -1.593871077552065E-002
   4.71875000000000      -4.521898843865615E-003 -1.614656628243407E-002
   4.75000000000000      -4.450739657390221E-003 -1.638090220376301E-002
   4.78125000000000      -4.330044164250885E-003 -1.665765658838246E-002
   4.81250000000000      -4.030185409630556E-003 -1.701400672768321E-002
   4.84375000000000      -3.618369130109300E-003 -1.710721324823394E-002
   4.87500000000000      -3.273370093119017E-003 -1.712330738153131E-002
   4.90625000000000      -2.961939661092842E-003 -1.709589490293799E-002
   4.93750000000000      -2.676744749880800E-003 -1.703442726176137E-002
   4.96875000000000      -2.416606052110463E-003 -1.694287661933239E-002
   5.00000000000000      -2.184147039618058E-003 -1.682236156619244E-002
   5.03125000000000      -1.987927402411558E-003 -1.667020079691833E-002
   5.06250000000000      -1.890039697824089E-003 -1.648148768049832E-002
   5.09375000000000      -1.834724944176401E-003 -1.641767505000809E-002
   5.12500000000000      -1.745704115751027E-003 -1.637604405123650E-002
   5.15625000000000      -1.643101833983789E-003 -1.634273253279527E-002
   5.18750000000000      -1.532021423328883E-003 -1.631488802221003E-002
   5.21875000000000      -1.413846078290589E-003 -1.629228199343666E-002
   5.25000000000000      -1.287557329009789E-003 -1.627632975986496E-002
   5.28125000000000      -1.148537676704356E-003 -1.627082421266092E-002
   5.31250000000000      -9.784020832310212E-004 -1.628819562519493E-002
   5.34375000000000      -7.091740960181478E-004 -1.623723300632422E-002
   5.37500000000000      -4.953139748561831E-004 -1.611033523529600E-002
   5.40625000000000      -3.141883916180247E-004 -1.596170281432494E-002
   5.43750000000000      -1.605187103048809E-004 -1.579729979595121E-002
   5.46875000000000      -3.403919412498727E-005 -1.562004961197463E-002
   5.50000000000000       6.294667902632879E-005 -1.543176130855233E-002
   5.53125000000000       1.250800200945164E-004 -1.523350625380030E-002
   5.56250000000000       1.401639490053515E-004 -1.502519495526766E-002
   5.59375000000000       5.751949859677630E-005 -1.479982193049875E-002
   5.62500000000000      -1.048473064783767E-004 -1.479312185147203E-002
   5.65625000000000      -1.523400683798870E-004 -1.482430376068961E-002
   5.68750000000000      -1.582310790808699E-004 -1.486442478048747E-002
   5.71875000000000      -1.356046513469279E-004 -1.491108862849034E-002
   5.75000000000000      -8.919418036214884E-005 -1.496372270170005E-002
   5.78125000000000      -1.998448863771310E-005 -1.502268947193180E-002
   5.81250000000000       7.421450949680170E-005 -1.508933294537277E-002
   5.84375000000000       2.008067505862748E-004 -1.516687397081980E-002
   5.87500000000000       3.855790475496352E-004 -1.526550711840256E-002
   5.90625000000000       7.182295409103365E-004 -1.525659607676961E-002
   5.93750000000000       9.586790571443870E-004 -1.512879647031532E-002
   5.96875000000000       1.152223736285641E-003 -1.497969684500605E-002
   6.00000000000000       1.313539701483130E-003 -1.481576845933993E-002
   6.03125000000000       1.447163570557706E-003 -1.463959018579311E-002
   6.06250000000000       1.553868534656622E-003 -1.445239512610742E-002
   6.09375000000000       1.631788016597067E-003 -1.425462818338712E-002
   6.12500000000000       1.675703526273007E-003 -1.404592249943895E-002
   6.15625000000000       1.673020573861135E-003 -1.382428944716551E-002
   6.18750000000000       1.571197044482105E-003 -1.357880099398495E-002
   6.21875000000000       1.373651258648814E-003 -1.355503486025635E-002
   6.25000000000000       1.295441527078087E-003 -1.357508845924649E-002
   6.28125000000000       1.259187992941351E-003 -1.360364176641024E-002
   6.31250000000000       1.250492405681832E-003 -1.363732615106563E-002
   6.34375000000000       1.263396060593064E-003 -1.367471657944080E-002
   6.37500000000000       1.295244762238210E-003 -1.371510681139008E-002
   6.40625000000000       1.345400203968175E-003 -1.375817013395445E-002
   6.43750000000000       1.415210507142173E-003 -1.380386302751762E-002
   6.46875000000000       1.509467153408335E-003 -1.385249150748532E-002
   6.50000000000000       1.645597606628438E-003 -1.390533783692290E-002
   6.53125000000000       1.846867633253265E-003 -1.386843316966524E-002
   6.56250000000000       1.979291912413996E-003 -1.378873994991534E-002
   6.59375000000000       2.087641902740285E-003 -1.370780676732310E-002
   6.62500000000000       2.181541946013722E-003 -1.362637585941524E-002
   6.65625000000000       2.264733354337233E-003 -1.354483040991370E-002
   6.68750000000000       2.339000219158207E-003 -1.346345902812721E-002
   6.71875000000000       2.405140724353922E-003 -1.338254133755028E-002
   6.75000000000000       2.463240254783765E-003 -1.330240916571310E-002
   6.78125000000000       2.512565221684247E-003 -1.322354101033736E-002
   6.81250000000000       2.550716774297232E-003 -1.314682931324712E-002
   6.84375000000000       2.565542993736846E-003 -1.307572558971251E-002
   6.87500000000000       2.588475165347781E-003 -1.305596647860068E-002
   6.90625000000000       2.634803738591389E-003 -1.303042070824106E-002
   6.93750000000000       2.688459073691662E-003 -1.300202920714675E-002
   6.96875000000000       2.746467763875138E-003 -1.297170359699455E-002
   7.00000000000000       2.807541081894798E-003 -1.293990894685490E-002
   7.03125000000000       2.871027505793490E-003 -1.290693868913356E-002
   7.06250000000000       2.936612868449837E-003 -1.287299783463583E-002
   7.09375000000000       3.004225048222909E-003 -1.283823337731755E-002
   7.12500000000000       3.074048226797533E-003 -1.280273700901956E-002
   7.15625000000000       3.146710979400009E-003 -1.276650272842832E-002
   7.18750000000000       3.224410440614844E-003 -1.272910637559889E-002
   7.21875000000000       3.306088085111412E-003 -1.267898360651406E-002
   7.25000000000000       3.378867077749216E-003 -1.262685077961215E-002
   7.28125000000000       3.449390736513299E-003 -1.257534965239976E-002
   7.31250000000000       3.518749275442967E-003 -1.252425808216079E-002
   7.34375000000000       3.587466245082026E-003 -1.247357918107057E-002
   7.37500000000000       3.655922715816907E-003 -1.242339377322007E-002
   7.40625000000000       3.724481618551518E-003 -1.237383301957362E-002
   7.43750000000000       3.793563261103328E-003 -1.232508114319303E-002
   7.46875000000000       3.863736434760252E-003 -1.227739968570122E-002
   7.50000000000000       3.935899731520117E-003 -1.223119201825813E-002
   7.53125000000000       4.011819837496918E-003 -1.218720213427428E-002
   7.56250000000000       4.097630889934458E-003 -1.214776290787774E-002
   7.59375000000000       4.200972923351075E-003 -1.208412422832342E-002
   7.62500000000000       4.288643105097042E-003 -1.201027590687591E-002
   7.65625000000000       4.370136240357799E-003 -1.193421625652073E-002
   7.68750000000000       4.447471595278315E-003 -1.185672435636214E-002
   7.71875000000000       4.521600211145469E-003 -1.177817699822531E-002
   7.75000000000000       4.593118487955790E-003 -1.169880812716605E-002
   7.78125000000000       4.662480940932998E-003 -1.161878499784369E-002
   7.81250000000000       4.730102267100539E-003 -1.153823994882549E-002
   7.84375000000000       4.796438651442880E-003 -1.145728708881684E-002
   7.87500000000000       4.862103111352977E-003 -1.137603345000592E-002
   7.90625000000000       4.928134945574153E-003 -1.129458945704869E-002
   7.93750000000000       4.997089108976179E-003 -1.121308348752741E-002
   7.96875000000000       5.077646801826981E-003 -1.111973447090212E-002
   8.00000000000000       5.142039994791312E-003 -1.101142940073372E-002
   8.03125000000000       5.197012982894498E-003 -1.090286205610430E-002
   8.06250000000000       5.245257541175216E-003 -1.079403991088017E-002
   8.09375000000000       5.287634922099341E-003 -1.068497474144442E-002
   8.12500000000000       5.324452893670742E-003 -1.057567400087686E-002
   8.15625000000000       5.355723805496536E-003 -1.046613964213476E-002
   8.18750000000000       5.381227929594059E-003 -1.035636697243362E-002
   8.21875000000000       5.400494317221161E-003 -1.024634229833571E-002
   8.25000000000000       5.412701870320011E-003 -1.013603790819237E-002
   8.28125000000000       5.416427570233456E-003 -1.002540054153487E-002
   8.31250000000000       5.408946117945847E-003 -9.914319476532419E-003
   8.34375000000000       5.383350130754613E-003 -9.802492890272595E-003
   8.37500000000000       5.311431293226882E-003 -9.720200346124306E-003
   8.40625000000000       5.274509697073138E-003 -9.687758929964875E-003
   8.43750000000000       5.256984632119040E-003 -9.656290940963430E-003
   8.46875000000000       5.249696786463782E-003 -9.625345622307472E-003
   8.50000000000000       5.249389645514016E-003 -9.594757771999144E-003
   8.53125000000000       5.254377227568670E-003 -9.564437650319588E-003
   8.56250000000000       5.263637096411793E-003 -9.534326604354449E-003
   8.59375000000000       5.276490639409685E-003 -9.504380838170901E-003
   8.62500000000000       5.292459696637276E-003 -9.474563219688228E-003
   8.65625000000000       5.311191092187015E-003 -9.444837375288518E-003
   8.68750000000000       5.332410053609276E-003 -9.415160926023784E-003
   8.71875000000000       5.355882249493452E-003 -9.385473111045385E-003
   8.75000000000000       5.381357902527527E-003 -9.355660317983950E-003
   8.78125000000000       5.408342665544717E-003 -9.325372541167725E-003
   8.81250000000000       5.434470269018871E-003 -9.296615668084414E-003
   8.84375000000000       5.464259267108134E-003 -9.270621614823522E-003
   8.87500000000000       5.497265948848172E-003 -9.245332807393281E-003
   8.90625000000000       5.533283091161732E-003 -9.220563894261295E-003
   8.93750000000000       5.572328248293595E-003 -9.196257218349411E-003
   8.96875000000000       5.614537197045285E-003 -9.172399537004728E-003
   9.00000000000000       5.660149809029975E-003 -9.149002516286498E-003
   9.03125000000000       5.709525124978145E-003 -9.126097670216429E-003
   9.06250000000000       5.763180447351144E-003 -9.103737472248187E-003
   9.09375000000000       5.821866381669914E-003 -9.082001676426431E-003
   9.12500000000000       5.886712950961788E-003 -9.061011675321789E-003
   9.15625000000000       5.959545438944470E-003 -9.040962687686834E-003
   9.18750000000000       6.043712241664064E-003 -9.022208606279782E-003
   9.21875000000000       6.147280324360697E-003 -9.005588201102433E-003
   9.25000000000000       6.310019983348132E-003 -8.963134319455923E-003
   9.28125000000000       6.435294384901743E-003 -8.846006840555237E-003
   9.31250000000000       6.531099114668965E-003 -8.725815791864995E-003
   9.34375000000000       6.610650861404333E-003 -8.603949970117439E-003
   9.37500000000000       6.678275716903164E-003 -8.480884060745745E-003
   9.40625000000000       6.736080187954943E-003 -8.356862445924962E-003
   9.43750000000000       6.785224572919833E-003 -8.232031738742554E-003
   9.46875000000000       6.826346759568657E-003 -8.106485884966942E-003
   9.50000000000000       6.859731242357673E-003 -7.980285128232413E-003
   9.53125000000000       6.885369013265525E-003 -7.853464172599208E-003
   9.56250000000000       6.902947245992248E-003 -7.726034124119680E-003
   9.59375000000000       6.911760456136102E-003 -7.597978553139145E-003
   9.62500000000000       6.910474456205906E-003 -7.469239675561626E-003
   9.65625000000000       6.896485577308789E-003 -7.339678183639360E-003
   9.68750000000000       6.863547764149047E-003 -7.208919966619531E-003
   9.71875000000000       6.777507201418124E-003 -7.093559771945725E-003
   9.75000000000000       6.715940041502003E-003 -7.052104337958587E-003
   9.78125000000000       6.681067987771499E-003 -7.012461654384293E-003
   9.81250000000000       6.658717502352801E-003 -6.973680448992592E-003
   9.84375000000000       6.644647407022098E-003 -6.935477571999051E-003
   9.87500000000000       6.636812612346399E-003 -6.897717689825132E-003
   9.90625000000000       6.634055030744435E-003 -6.860325295207668E-003
   9.93750000000000       6.635676553294890E-003 -6.823256064407255E-003
   9.96875000000000       6.641261805963969E-003 -6.786485043254225E-003
   10.0000000000000       6.650598382606733E-003 -6.750001438162500E-003
   10.0312500000000       6.663646884792275E-003 -6.713806844877117E-003
   10.0625000000000       6.680547780489638E-003 -6.677916122294416E-003
   10.0937500000000       6.701673459705779E-003 -6.642361663557863E-003
   10.1250000000000       6.727769399528881E-003 -6.607204533657405E-003
   10.1562500000000       6.760351654558481E-003 -6.572565520523013E-003
   10.1875000000000       6.803302415510935E-003 -6.538749447283131E-003
   10.2187500000000       6.874734890557871E-003 -6.490387562028949E-003
   10.2500000000000       6.927226374038713E-003 -6.408957754038732E-003
   10.2812500000000       6.967094091170743E-003 -6.326517457964747E-003
   10.3125000000000       7.000242508421690E-003 -6.243542428896258E-003
   10.3437500000000       7.028674504752975E-003 -6.160199533558534E-003
   10.3750000000000       7.053399607370703E-003 -6.076576322580579E-003
   10.4062500000000       7.075013479792447E-003 -5.992727218504425E-003
   10.4375000000000       7.093897734614868E-003 -5.908689626707637E-003
   10.4687500000000       7.110307231236590E-003 -5.824491113553778E-003
   10.5000000000000       7.124413488404310E-003 -5.740153127717129E-003
   10.5312500000000       7.136327453994363E-003 -5.655693160475095E-003
   10.5625000000000       7.146110593830533E-003 -5.571126142613996E-003
   10.5937500000000       7.153777184882887E-003 -5.486465481860272E-003
   10.6250000000000       7.159286199188425E-003 -5.401724028659403E-003
   10.6562500000000       7.162512566666930E-003 -5.316915363176373E-003
   10.6875000000000       7.163153269757794E-003 -5.232056563401677E-003
   10.7187500000000       7.160221671399440E-003 -5.147180442331903E-003
   10.7500000000000       7.152761598245586E-003 -5.067628164956220E-003
   10.7812500000000       7.148235263019127E-003 -4.990216028560788E-003
   10.8125000000000       7.143804430551661E-003 -4.912667865821453E-003
   10.8437500000000       7.138839420620454E-003 -4.835004681535820E-003
   10.8750000000000       7.133056823404278E-003 -4.757238550344886E-003
   10.9062500000000       7.126278997978555E-003 -4.679378235919881E-003
   10.9375000000000       7.118370203087982E-003 -4.601430765673295E-003
   10.9687500000000       7.109210519536949E-003 -4.523402072441205E-003
   11.0000000000000       7.098681512527250E-003 -4.445297303211840E-003
   11.0312500000000       7.086655631384355E-003 -4.367120972443824E-003
   11.0625000000000       7.072985600643030E-003 -4.288877018292254E-003
   11.0937500000000       7.057490775255625E-003 -4.210568772409688E-003
   11.1250000000000       7.039936062710346E-003 -4.132198813252778E-003
   11.1562500000000       7.019994339534292E-003 -4.053768603742427E-003
   11.1875000000000       6.997168751236947E-003 -3.975277618345706E-003
   11.2187500000000       6.970596375988107E-003 -3.896720926484938E-003
   11.2500000000000       6.938335027065837E-003 -3.818079756975245E-003
   11.2812500000000       6.890426309531779E-003 -3.744867747771496E-003
   11.3125000000000       6.850808718400754E-003 -3.693117422946818E-003
   11.3437500000000       6.818863022059760E-003 -3.641459251441624E-003
   11.3750000000000       6.790319901799569E-003 -3.589835518680570E-003
   11.4062500000000       6.763853302265909E-003 -3.538231454905900E-003
   11.4375000000000       6.738787727424446E-003 -3.486641537292356E-003
   11.4687500000000       6.714707150839403E-003 -3.435063908351524E-003
   11.5000000000000       6.691325387142047E-003 -3.383498591640288E-003
   11.5312500000000       6.668429833854522E-003 -3.331946763765302E-003
   11.5625000000000       6.645852663504185E-003 -3.280410426477159E-003
   11.5937500000000       6.623454097482437E-003 -3.228892268313957E-003
   11.6250000000000       6.601111430872724E-003 -3.177395640117952E-003
   11.6562500000000       6.578710664088350E-003 -3.125924624647738E-003
   11.6875000000000       6.556138662466857E-003 -3.074484218516616E-003
   11.7187500000000       6.533273563135657E-003 -3.023080693901464E-003
   11.7500000000000       6.509969270494378E-003 -2.971722326345254E-003
   11.7812500000000       6.486022321282867E-003 -2.920421044026358E-003
   11.8125000000000       6.461072731060157E-003 -2.869197251184174E-003
   11.8437500000000       6.433972276624262E-003 -2.818108232278883E-003
   11.8750000000000       6.405296793275571E-003 -2.772524874250348E-003
   11.9062500000000       6.380006500120767E-003 -2.727737415072620E-003
   11.9375000000000       6.355723123879567E-003 -2.682886485826288E-003
   11.9687500000000       6.331977001490527E-003 -2.637993054355189E-003
   12.0000000000000       6.308537752990912E-003 -2.593067726492341E-003
   13.0000000000000       5.823265618145458E-003  0.000000000000000E+000
   14.0000000000000       5.407318073992210E-003  0.000000000000000E+000
   15.0000000000000       5.046830202392730E-003  0.000000000000000E+000
   16.0000000000000       4.731403314743184E-003  0.000000000000000E+000
   17.0000000000000       4.453085472699467E-003  0.000000000000000E+000
   18.0000000000000       4.205691835327274E-003  0.000000000000000E+000
   19.0000000000000       3.984339633467945E-003  0.000000000000000E+000
   20.0000000000000       3.785122651794547E-003  0.000000000000000E+000
   21.0000000000000       3.604878715994807E-003  0.000000000000000E+000
   22.0000000000000       3.441020592540498E-003  0.000000000000000E+000
   23.0000000000000       3.291411001560476E-003  0.000000000000000E+000
   24.0000000000000       3.154268876495456E-003  0.000000000000000E+000
   25.0000000000000       3.028098121435638E-003  0.000000000000000E+000
   26.0000000000000       2.911632809072729E-003  0.000000000000000E+000
   27.0000000000000       2.803794556884850E-003  0.000000000000000E+000
   28.0000000000000       2.703659036996105E-003  0.000000000000000E+000
   29.0000000000000       2.610429415030722E-003  0.000000000000000E+000
   30.0000000000000       2.523415101196365E-003  0.000000000000000E+000
   31.0000000000000       2.442014614060998E-003  0.000000000000000E+000
   32.0000000000000       2.365701657371592E-003  0.000000000000000E+000
   33.0000000000000       2.294013728360332E-003  0.000000000000000E+000
   34.0000000000000       2.226542736349734E-003  0.000000000000000E+000
   35.0000000000000       2.162927229596884E-003  0.000000000000000E+000
   36.0000000000000       2.102845917663637E-003  0.000000000000000E+000
   37.0000000000000       2.046012244213269E-003  0.000000000000000E+000
   38.0000000000000       1.992169816733972E-003  0.000000000000000E+000
   39.0000000000000       1.941088539381819E-003  0.000000000000000E+000
   40.0000000000000       1.892561325897274E-003  0.000000000000000E+000
   41.0000000000000       1.846401293558316E-003  0.000000000000000E+000
   42.0000000000000       1.802439357997404E-003  0.000000000000000E+000
   43.0000000000000       1.760522163625371E-003  0.000000000000000E+000
   44.0000000000000       1.720510296270249E-003  0.000000000000000E+000
   45.0000000000000       1.682276734130910E-003  0.000000000000000E+000
   46.0000000000000       1.645705500780238E-003  0.000000000000000E+000
   47.0000000000000       1.610690490125339E-003  0.000000000000000E+000
   48.0000000000000       1.577134438247728E-003  0.000000000000000E+000
   49.0000000000000       1.544948021140632E-003  0.000000000000000E+000
   50.0000000000000       1.514049060717819E-003  0.000000000000000E+000
   51.0000000000000       1.484361824233156E-003  0.000000000000000E+000
   52.0000000000000       1.455816404536364E-003  0.000000000000000E+000
   53.0000000000000       1.428348170488508E-003  0.000000000000000E+000
   54.0000000000000       1.401897278442425E-003  0.000000000000000E+000
   55.0000000000000       1.376408237016199E-003  0.000000000000000E+000
   56.0000000000000       1.351829518498053E-003  0.000000000000000E+000
   57.0000000000000       1.328113211155981E-003  0.000000000000000E+000
   58.0000000000000       1.305214707515361E-003  0.000000000000000E+000
   59.0000000000000       1.283092424337135E-003  0.000000000000000E+000
   60.0000000000000       1.261707550598182E-003  0.000000000000000E+000
   61.0000000000000       1.241023820260507E-003  0.000000000000000E+000
   62.0000000000000       1.221007307030499E-003  0.000000000000000E+000
   63.0000000000000       1.201626238664936E-003  0.000000000000000E+000
   64.0000000000000       1.182850828685796E-003  0.000000000000000E+000
   65.0000000000000       1.164653123629091E-003  0.000000000000000E+000
   66.0000000000000       1.147006864180166E-003  0.000000000000000E+000
   67.0000000000000       1.129887358744641E-003  0.000000000000000E+000
   68.0000000000000       1.113271368174867E-003  0.000000000000000E+000
   69.0000000000000       1.097137000520159E-003  0.000000000000000E+000
   70.0000000000000       1.081463614798442E-003  0.000000000000000E+000
   71.0000000000000       1.066231732899872E-003  0.000000000000000E+000
   72.0000000000000       1.051422958831819E-003  0.000000000000000E+000
   73.0000000000000       1.037019904601246E-003  0.000000000000000E+000
   74.0000000000000       1.023006122106634E-003  0.000000000000000E+000
   75.0000000000000       1.009366040478546E-003  0.000000000000000E+000
   76.0000000000000       9.960849083669862E-004  0.000000000000000E+000
   77.0000000000000       9.831487407258564E-004  0.000000000000000E+000
   78.0000000000000       9.705442696909095E-004  0.000000000000000E+000
   79.0000000000000       9.582588991884930E-004  0.000000000000000E+000
   80.0000000000000       9.462806629486368E-004  0.000000000000000E+000
   81.0000000000000       9.345981856282833E-004  0.000000000000000E+000
   82.0000000000000       9.232006467791579E-004  0.000000000000000E+000
   83.0000000000000       9.120777474203728E-004  0.000000000000000E+000
   84.0000000000000       9.012196789987018E-004  0.000000000000000E+000
   85.0000000000000       8.906170945398935E-004  0.000000000000000E+000
   86.0000000000000       8.802610818126854E-004  0.000000000000000E+000
   87.0000000000000       8.701431383435741E-004  0.000000000000000E+000
   88.0000000000000       8.602551481351244E-004  0.000000000000000E+000
   89.0000000000000       8.505893599538309E-004  0.000000000000000E+000
   90.0000000000000       8.411383670654549E-004  0.000000000000000E+000
   91.0000000000000       8.318950883064939E-004  0.000000000000000E+000
   92.0000000000000       8.228527503901190E-004  0.000000000000000E+000
   93.0000000000000       8.140048713536661E-004  0.000000000000000E+000
   94.0000000000000       8.053452450626697E-004  0.000000000000000E+000
   95.0000000000000       7.968679266935889E-004  0.000000000000000E+000
   96.0000000000000       7.885672191238640E-004  0.000000000000000E+000
   97.0000000000000       7.804376601638241E-004  0.000000000000000E+000
   98.0000000000000       7.724740105703158E-004  0.000000000000000E+000
   99.0000000000000       7.646712427867772E-004  0.000000000000000E+000
   100.000000000000       7.570245303589095E-004  0.000000000000000E+000
   101.000000000000       7.495292379791183E-004  0.000000000000000E+000
   102.000000000000       7.421809121165778E-004  0.000000000000000E+000
   103.000000000000       7.349752721931159E-004  0.000000000000000E+000
   104.000000000000       7.279082022681822E-004  0.000000000000000E+000
   105.000000000000       7.209757431989614E-004  0.000000000000000E+000
   106.000000000000       7.141740852442542E-004  0.000000000000000E+000
   107.000000000000       7.074995610830930E-004  0.000000000000000E+000
   108.000000000000       7.009486392212125E-004  0.000000000000000E+000
   109.000000000000       6.945179177604674E-004  0.000000000000000E+000
   110.000000000000       6.882041185080995E-004  0.000000000000000E+000
   111.000000000000       6.820040814044230E-004  0.000000000000000E+000
   112.000000000000       6.759147592490263E-004  0.000000000000000E+000
   113.000000000000       6.699332127069995E-004  0.000000000000000E+000
   114.000000000000       6.640566055779907E-004  0.000000000000000E+000
   115.000000000000       6.582822003120952E-004  0.000000000000000E+000
   116.000000000000       6.526073537576805E-004  0.000000000000000E+000
   117.000000000000       6.470295131272730E-004  0.000000000000000E+000
   118.000000000000       6.415462121685673E-004  0.000000000000000E+000
   119.000000000000       6.361550675284954E-004  0.000000000000000E+000
   120.000000000000       6.308537752990912E-004  0.000000000000000E+000
   121.000000000000       6.256401077346359E-004  0.000000000000000E+000
   122.000000000000       6.205119101302536E-004  0.000000000000000E+000
   123.000000000000       6.154670978527720E-004  0.000000000000000E+000
   124.000000000000       6.105036535152496E-004  0.000000000000000E+000
   125.000000000000       6.056196242871276E-004  0.000000000000000E+000
   126.000000000000       6.008131193324678E-004  0.000000000000000E+000
   127.000000000000       5.960823073692201E-004  0.000000000000000E+000
   128.000000000000       5.914254143428980E-004  0.000000000000000E+000
   129.000000000000       5.868407212084569E-004  0.000000000000000E+000
   130.000000000000       5.823265618145457E-004  0.000000000000000E+000
   131.000000000000       5.778813208846637E-004  0.000000000000000E+000
   132.000000000000       5.735034320900830E-004  0.000000000000000E+000
   133.000000000000       5.691913762097063E-004  0.000000000000000E+000
   134.000000000000       5.649436793723205E-004  0.000000000000000E+000
   135.000000000000       5.607589113769699E-004  0.000000000000000E+000
   136.000000000000       5.566356840874334E-004  0.000000000000000E+000
   137.000000000000       5.525726498970142E-004  0.000000000000000E+000
   138.000000000000       5.485685002600793E-004  0.000000000000000E+000
   139.000000000000       5.446219642869852E-004  0.000000000000000E+000
   140.000000000000       5.407318073992211E-004  0.000000000000000E+000
   141.000000000000       5.368968300417798E-004  0.000000000000000E+000
   142.000000000000       5.331158664499362E-004  0.000000000000000E+000
   143.000000000000       5.293877834677688E-004  0.000000000000000E+000
   144.000000000000       5.257114794159093E-004  0.000000000000000E+000
   145.000000000000       5.220858830061445E-004  0.000000000000000E+000
   146.000000000000       5.185099523006229E-004  0.000000000000000E+000
   147.000000000000       5.149826737135438E-004  0.000000000000000E+000
   148.000000000000       5.115030610533172E-004  0.000000000000000E+000
   149.000000000000       5.080701546032949E-004  0.000000000000000E+000
   150.000000000000       5.046830202392730E-004  0.000000000000000E+000
   151.000000000000       5.013407485820593E-004  0.000000000000000E+000
   152.000000000000       4.980424541834931E-004  0.000000000000000E+000
   153.000000000000       4.947872747443852E-004  0.000000000000000E+000
   154.000000000000       4.915743703629282E-004  0.000000000000000E+000
   155.000000000000       4.884029228121997E-004  0.000000000000000E+000
   156.000000000000       4.852721348454548E-004  0.000000000000000E+000
   157.000000000000       4.821812295279678E-004  0.000000000000000E+000
   158.000000000000       4.791294495942465E-004  0.000000000000000E+000
   159.000000000000       4.761160568295028E-004  0.000000000000000E+000
   160.000000000000       4.731403314743184E-004  0.000000000000000E+000
   161.000000000000       4.702015716514965E-004  0.000000000000000E+000
   162.000000000000       4.672990928141416E-004  0.000000000000000E+000
   163.000000000000       4.644322272140549E-004  0.000000000000000E+000
   164.000000000000       4.616003233895789E-004  0.000000000000000E+000
   165.000000000000       4.588027456720663E-004  0.000000000000000E+000
   166.000000000000       4.560388737101864E-004  0.000000000000000E+000
   167.000000000000       4.533081020113230E-004  0.000000000000000E+000
   168.000000000000       4.506098394993509E-004  0.000000000000000E+000
   169.000000000000       4.479435090881121E-004  0.000000000000000E+000
   170.000000000000       4.453085472699468E-004  0.000000000000000E+000
   171.000000000000       4.427044037186605E-004  0.000000000000000E+000
   172.000000000000       4.401305409063427E-004  0.000000000000000E+000
   173.000000000000       4.375864337334737E-004  0.000000000000000E+000
   174.000000000000       4.350715691717870E-004  0.000000000000000E+000
   175.000000000000       4.325854459193768E-004  0.000000000000000E+000
   176.000000000000       4.301275740675622E-004  0.000000000000000E+000
   177.000000000000       4.276974747790449E-004  0.000000000000000E+000
   178.000000000000       4.252946799769154E-004  0.000000000000000E+000
   179.000000000000       4.229187320440835E-004  0.000000000000000E+000
   180.000000000000       4.205691835327275E-004  0.000000000000000E+000
   181.000000000000       4.182455968833754E-004  0.000000000000000E+000
   182.000000000000       4.159475441532469E-004  0.000000000000000E+000
   183.000000000000       4.136746067535024E-004  0.000000000000000E+000
   184.000000000000       4.114263751950595E-004  0.000000000000000E+000
   185.000000000000       4.092024488426537E-004  0.000000000000000E+000
   186.000000000000       4.070024356768330E-004  0.000000000000000E+000
   187.000000000000       4.048259520635879E-004  0.000000000000000E+000
   188.000000000000       4.026726225313348E-004  0.000000000000000E+000
   189.000000000000       4.005420795549785E-004  0.000000000000000E+000
   190.000000000000       3.984339633467944E-004  0.000000000000000E+000
   191.000000000000       3.963479216538793E-004  0.000000000000000E+000
   192.000000000000       3.942836095619320E-004  0.000000000000000E+000
   193.000000000000       3.922406893051344E-004  0.000000000000000E+000
   194.000000000000       3.902188300819121E-004  0.000000000000000E+000
   195.000000000000       3.882177078763638E-004  0.000000000000000E+000
   196.000000000000       3.862370052851579E-004  0.000000000000000E+000
   197.000000000000       3.842764113497003E-004  0.000000000000000E+000
   198.000000000000       3.823356213933886E-004  0.000000000000000E+000
   199.000000000000       3.804143368637736E-004  0.000000000000000E+000
   200.000000000000       3.785122651794547E-004  0.000000000000000E+000
   201.000000000000       3.766291195815470E-004  0.000000000000000E+000
   202.000000000000       3.747646189895591E-004  0.000000000000000E+000
   203.000000000000       3.729184878615317E-004  0.000000000000000E+000
   204.000000000000       3.710904560582889E-004  0.000000000000000E+000
   205.000000000000       3.692802587116631E-004  0.000000000000000E+000
   206.000000000000       3.674876360965580E-004  0.000000000000000E+000
   207.000000000000       3.657123335067196E-004  0.000000000000000E+000
   208.000000000000       3.639541011340911E-004  0.000000000000000E+000
   209.000000000000       3.622126939516313E-004  0.000000000000000E+000
   210.000000000000       3.604878715994807E-004  0.000000000000000E+000
   211.000000000000       3.587793982743646E-004  0.000000000000000E+000
   212.000000000000       3.570870426221271E-004  0.000000000000000E+000
   213.000000000000       3.554105776332908E-004  0.000000000000000E+000
   214.000000000000       3.537497805415465E-004  0.000000000000000E+000
   215.000000000000       3.521044327250741E-004  0.000000000000000E+000
   216.000000000000       3.504743196106062E-004  0.000000000000000E+000
   217.000000000000       3.488592305801426E-004  0.000000000000000E+000
   218.000000000000       3.472589588802337E-004  0.000000000000000E+000
   219.000000000000       3.456733015337486E-004  0.000000000000000E+000
   220.000000000000       3.441020592540497E-004  0.000000000000000E+000
   221.000000000000       3.425450363614975E-004  0.000000000000000E+000
   222.000000000000       3.410020407022115E-004  0.000000000000000E+000
   223.000000000000       3.394728835690177E-004  0.000000000000000E+000
   224.000000000000       3.379573796245131E-004  0.000000000000000E+000
   225.000000000000       3.364553468261820E-004  0.000000000000000E+000
   226.000000000000       3.349666063534998E-004  0.000000000000000E+000
   227.000000000000       3.334909825369645E-004  0.000000000000000E+000
   228.000000000000       3.320283027889954E-004  0.000000000000000E+000
   229.000000000000       3.305783975366417E-004  0.000000000000000E+000
   230.000000000000       3.291411001560476E-004  0.000000000000000E+000
   231.000000000000       3.277162469086188E-004  0.000000000000000E+000
   232.000000000000       3.263036768788403E-004  0.000000000000000E+000
   233.000000000000       3.249032319136950E-004  0.000000000000000E+000
   234.000000000000       3.235147565636365E-004  0.000000000000000E+000
   235.000000000000       3.221380980250679E-004  0.000000000000000E+000
   236.000000000000       3.207731060842837E-004  0.000000000000000E+000
   237.000000000000       3.194196330628310E-004  0.000000000000000E+000
   238.000000000000       3.180775337642477E-004  0.000000000000000E+000
   239.000000000000       3.167466654221379E-004  0.000000000000000E+000
   240.000000000000       3.154268876495456E-004  0.000000000000000E+000
   241.000000000000       3.141180623895890E-004  0.000000000000000E+000
   242.000000000000       3.128200538673179E-004  0.000000000000000E+000
   243.000000000000       3.115327285427611E-004  0.000000000000000E+000
   244.000000000000       3.102559550651268E-004  0.000000000000000E+000
   245.000000000000       3.089896042281263E-004  0.000000000000000E+000
   246.000000000000       3.077335489263860E-004  0.000000000000000E+000
   247.000000000000       3.064876641129188E-004  0.000000000000000E+000
   248.000000000000       3.052518267576248E-004  0.000000000000000E+000
   249.000000000000       3.040259158067909E-004  0.000000000000000E+000
   250.000000000000       3.028098121435638E-004  0.000000000000000E+000
   251.000000000000       3.016033985493663E-004  0.000000000000000E+000
   252.000000000000       3.004065596662339E-004  0.000000000000000E+000
   253.000000000000       2.992191819600433E-004  0.000000000000000E+000
   254.000000000000       2.980411536846100E-004  0.000000000000000E+000
   255.000000000000       2.968723648466312E-004  0.000000000000000E+000
   256.000000000000       2.957127071714490E-004  0.000000000000000E+000
   257.000000000000       2.945620740696146E-004  0.000000000000000E+000
   258.000000000000       2.934203606042285E-004  0.000000000000000E+000
   259.000000000000       2.922874634590384E-004  0.000000000000000E+000
   260.000000000000       2.911632809072729E-004  0.000000000000000E+000
   261.000000000000       2.900477127811914E-004  0.000000000000000E+000
   262.000000000000       2.889406604423319E-004  0.000000000000000E+000
   263.000000000000       2.878420267524370E-004  0.000000000000000E+000
   264.000000000000       2.867517160450415E-004  0.000000000000000E+000
   265.000000000000       2.856696340977017E-004  0.000000000000000E+000
   266.000000000000       2.845956881048532E-004  0.000000000000000E+000
   267.000000000000       2.835297866512770E-004  0.000000000000000E+000
   268.000000000000       2.824718396861602E-004  0.000000000000000E+000
   269.000000000000       2.814217584977359E-004  0.000000000000000E+000
   270.000000000000       2.803794556884850E-004  0.000000000000000E+000
   271.000000000000       2.793448451508891E-004  0.000000000000000E+000
   272.000000000000       2.783178420437167E-004  0.000000000000000E+000
   273.000000000000       2.772983627688313E-004  0.000000000000000E+000
   274.000000000000       2.762863249485071E-004  0.000000000000000E+000
   275.000000000000       2.752816474032398E-004  0.000000000000000E+000
   276.000000000000       2.742842501300396E-004  0.000000000000000E+000
   277.000000000000       2.732940542811948E-004  0.000000000000000E+000
   278.000000000000       2.723109821434926E-004  0.000000000000000E+000
   279.000000000000       2.713349571178887E-004  0.000000000000000E+000
   280.000000000000       2.703659036996105E-004  0.000000000000000E+000
   281.000000000000       2.694037474586866E-004  0.000000000000000E+000
   282.000000000000       2.684484150208899E-004  0.000000000000000E+000
   283.000000000000       2.674998340490846E-004  0.000000000000000E+000
   284.000000000000       2.665579332249681E-004  0.000000000000000E+000
   285.000000000000       2.656226422311963E-004  0.000000000000000E+000
   286.000000000000       2.646938917338844E-004  0.000000000000000E+000
   287.000000000000       2.637716133654737E-004  0.000000000000000E+000
   288.000000000000       2.628557397079547E-004  0.000000000000000E+000
   289.000000000000       2.619462042764393E-004  0.000000000000000E+000
   290.000000000000       2.610429415030722E-004  0.000000000000000E+000
   291.000000000000       2.601458867212747E-004  0.000000000000000E+000
   292.000000000000       2.592549761503115E-004  0.000000000000000E+000
   293.000000000000       2.583701468801739E-004  0.000000000000000E+000
   294.000000000000       2.574913368567719E-004  0.000000000000000E+000
   295.000000000000       2.566184848674269E-004  0.000000000000000E+000
   296.000000000000       2.557515305266586E-004  0.000000000000000E+000
   297.000000000000       2.548904142622591E-004  0.000000000000000E+000
   298.000000000000       2.540350773016475E-004  0.000000000000000E+000
   299.000000000000       2.531854616584982E-004  0.000000000000000E+000
   300.000000000000       2.523415101196365E-004  0.000000000000000E+000
   301.000000000000       2.515031662321958E-004  0.000000000000000E+000
   302.000000000000       2.506703742910296E-004  0.000000000000000E+000
   303.000000000000       2.498430793263728E-004  0.000000000000000E+000
   304.000000000000       2.490212270917465E-004  0.000000000000000E+000
   305.000000000000       2.482047640521015E-004  0.000000000000000E+000
   306.000000000000       2.473936373721926E-004  0.000000000000000E+000
   307.000000000000       2.465877949051822E-004  0.000000000000000E+000
   308.000000000000       2.457871851814641E-004  0.000000000000000E+000
   309.000000000000       2.449917573977053E-004  0.000000000000000E+000
   310.000000000000       2.442014614060998E-004  0.000000000000000E+000
   311.000000000000       2.434162477038294E-004  0.000000000000000E+000
   312.000000000000       2.426360674227274E-004  0.000000000000000E+000
