  0.000000000000000E+000 -0.190126847751396      -2.319021153501452E-007
  7.812500000000000E-003 -0.190102125147759      -8.747473880785345E-004
  1.562500000000000E-002 -0.190036173686957      -1.429816535701056E-003
  2.343750000000000E-002 -0.190701529661459      -2.255783102691283E-003
  3.125000000000000E-002 -0.191166301794537      -3.302132429362264E-003
  3.906250000000000E-002 -0.192893030140960      -5.797742224322354E-003
  4.687500000000000E-002 -0.186793315479205      -7.330854317867319E-003
  5.468750000000000E-002 -0.188501999773467      -6.002235367635446E-003
  6.250000000000000E-002 -0.189006557930124      -7.255783820557913E-003
  7.031250000000000E-002 -0.188914650676014      -7.886582930905838E-003
  7.812500000000000E-002 -0.189162894190924      -8.644048397043653E-003
  8.593750000000000E-002 -0.189887426316116      -9.716738609311508E-003
  9.375000000000000E-002 -0.190379810742714      -1.298232346210596E-002
  0.101562500000000      -0.186577937465724      -1.431706106462568E-002
  0.109375000000000      -0.184780837246391      -1.345361127271839E-002
  0.117187500000000      -0.183415423950529      -1.288904939734717E-002
  0.125000000000000      -0.182420701510761      -1.103204617484064E-002
  0.132812500000000      -0.183428991868962      -8.946940391720792E-003
  0.140625000000000      -0.185066095497871      -7.711279749712352E-003
  0.148437500000000      -0.187377157218004      -7.811755128852591E-003
  0.156250000000000      -0.189004150563250      -8.395078544754249E-003
  0.164062500000000      -0.190267643538843      -9.463330470549456E-003
  0.171875000000000      -0.191080060081051      -1.005836968794214E-002
  0.179687500000000      -0.192622188943700      -1.044918592430804E-002
  0.187500000000000      -0.193986643668575      -1.161771089211388E-002
  0.195312500000000      -0.195316054686070      -1.273275574533601E-002
  0.203125000000000      -0.196481195607973      -1.445408476160832E-002
  0.210937500000000      -0.197238188088540      -1.602785228544988E-002
  0.218750000000000      -0.197917867023227      -1.774091480952450E-002
  0.226562500000000      -0.198115647439836      -1.928807715797809E-002
  0.234375000000000      -0.198232203020083      -2.046715814852590E-002
  0.242187500000000      -0.198672911020837      -2.160806588066284E-002
  0.250000000000000      -0.198774649056821      -2.294533518906159E-002
  0.257812500000000      -0.198016251184040      -2.373559976141803E-002
  0.265625000000000      -0.198735560344432      -2.333538622877820E-002
  0.273437500000000      -0.199556396902802      -2.353713727550939E-002
  0.281250000000000      -0.200724626946400      -2.322547153434515E-002
  0.289062500000000      -0.202826079813864      -2.378379170013110E-002
  0.296875000000000      -0.204681435534473      -2.452097147260662E-002
  0.304687500000000      -0.206641347956125      -2.508749203425124E-002
  0.312500000000000      -0.209794587772344      -2.601704725123192E-002
  0.320312500000000      -0.212992529738273      -2.795940420297718E-002
  0.328125000000000      -0.216162686162614      -3.093292032878796E-002
  0.335937500000000      -0.217687578640232      -3.447425460955837E-002
  0.343750000000000      -0.219357484631560      -3.711559283130381E-002
  0.351562500000000      -0.221144854566826      -3.982824798464862E-002
  0.359375000000000      -0.223101561277867      -4.174431409073261E-002
  0.367187500000000      -0.226982777468217      -4.430145384482469E-002
  0.375000000000000      -0.231911068634153      -4.843870422238784E-002
  0.382812500000000      -0.237809458563274      -5.614166877510008E-002
  0.390625000000000      -0.236864889516397      -6.648996967790791E-002
  0.398437500000000      -0.236562939805100      -7.324365054864326E-002
  0.406250000000000      -0.236813222266592      -8.129262772949866E-002
  0.414062500000000      -0.234740266929901      -9.259475815103607E-002
  0.421875000000000      -0.227993100989701      -9.915140266581994E-002
  0.429687500000000      -0.223317446335662      -0.104807829255931     
  0.437500000000000      -0.218619321675990      -0.110725405433674     
  0.445312500000000      -0.212884830007699      -0.117304442897833     
  0.453125000000000      -0.205762070124306      -0.122341331939285     
  0.460937500000000      -0.198047419805312      -0.127191357765066     
  0.468750000000000      -0.188893517199061      -0.131447035890419     
  0.476562500000000      -0.177206349534378      -0.134675815145546     
  0.484375000000000      -0.164522518169657      -0.131121295944004     
  0.492187500000000      -0.155776636851909      -0.126312371654583     
  0.500000000000000      -0.148148943887261      -0.121079994477718     
  0.507812500000000      -0.140755739964856      -0.114272305220318     
  0.515625000000000      -0.137557515317428      -0.103326447945239     
  0.523437500000000      -0.138583701643861      -9.621022735604849E-002
  0.531250000000000      -0.139992032382499      -9.106011734801928E-002
  0.539062500000000      -0.141606923043222      -8.705462427208582E-002
  0.546875000000000      -0.143593919466787      -8.398617808517174E-002
  0.554687500000000      -0.145009254893366      -8.213754879568147E-002
  0.562500000000000      -0.145961992923201      -8.033889093396894E-002
  0.570312500000000      -0.146716789389470      -7.842246593946257E-002
  0.578125000000000      -0.147471725988405      -7.609786016673774E-002
  0.585937500000000      -0.149571756127886      -7.258276863698626E-002
  0.593750000000000      -0.153142258711154      -7.150310872896905E-002
  0.601562500000000      -0.155994147699627      -7.126437169812598E-002
  0.609375000000000      -0.158572199212770      -7.133543557467931E-002
  0.617187500000000      -0.161288391985316      -7.160707624372259E-002
  0.625000000000000      -0.165112417075013      -7.337449908103560E-002
  0.632812500000000      -0.166228465675877      -7.678380501932980E-002
  0.640625000000000      -0.166032131492725      -7.952318297818844E-002
  0.648437500000000      -0.164797165359740      -8.156029892413683E-002
  0.656250000000000      -0.162568635552906      -8.235351133679349E-002
  0.664062500000000      -0.159625448870586      -8.003489051340533E-002
  0.671875000000000      -0.162656468738248      -7.673568852242713E-002
  0.679687500000000      -0.165687949559385      -7.637573858477678E-002
  0.687500000000000      -0.168653117218559      -7.708539869894664E-002
  0.695312500000000      -0.171598296203732      -7.898286184171761E-002
  0.703125000000000      -0.173705307190926      -8.283673197277350E-002
  0.710937500000000      -0.171230585748136      -8.644799694530558E-002
  0.718750000000000      -0.170064384298205      -8.649773512969104E-002
  0.726562500000000      -0.169791309054842      -8.643896574844653E-002
  0.734375000000000      -0.169997654897070      -8.622961622384294E-002
  0.742187500000000      -0.170717105158126      -8.583933640372809E-002
  0.750000000000000      -0.172377403854124      -8.519493940300688E-002
  0.757812500000000      -0.175781572678854      -8.680474986933913E-002
  0.765625000000000      -0.176980547608031      -8.947441466517085E-002
  0.773437500000000      -0.177361199925902      -9.197799404010401E-002
  0.781250000000000      -0.177033584214185      -9.432565043658757E-002
  0.789062500000000      -0.175841133160915      -9.636036990786587E-002
  0.796875000000000      -0.173325192315603      -9.756639486307349E-002
  0.804687500000000      -0.170584838979129      -9.463420521558841E-002
  0.812500000000000      -0.171403650205340      -9.181298741492511E-002
  0.820312500000000      -0.172960609074423      -8.934640432510994E-002
  0.828125000000000      -0.175326788204456      -8.666591270820340E-002
  0.835937500000000      -0.179061482760414      -8.354909712025593E-002
  0.843750000000000      -0.185429857701657      -8.024231199608546E-002
  0.851562500000000      -0.197428641772574      -8.125366905078787E-002
  0.859375000000000      -0.202658004524968      -8.753690260127160E-002
  0.867187500000000      -0.206841333252357      -9.182271321330659E-002
  0.875000000000000      -0.211232173828988      -9.571676664340439E-002
  0.882812500000000      -0.216205810510829      -9.989326459521021E-002
  0.890625000000000      -0.222005595148765      -0.105095752174427     
  0.898437500000000      -0.228745362671317      -0.112835209734653     
  0.906250000000000      -0.230946281554703      -0.127093824630061     
  0.914062500000000      -0.227195005525789      -0.135489327633663     
  0.921875000000000      -0.224103786203244      -0.141122250134968     
  0.929687500000000      -0.221704701727994      -0.145253283678582     
  0.937500000000000      -0.220074415774957      -0.148342162523242     
  0.945312500000000      -0.219380858548237      -0.150567797955939     
  0.953125000000000      -0.220117044220590      -0.151925021145140     
  0.960937500000000      -0.224610093736266      -0.153711677431423     
  0.968750000000000      -0.228872389702103      -0.159222808132485     
  0.976562500000000      -0.232602252276978      -0.165628827299001     
  0.984375000000000      -0.236200554104686      -0.172997386789557     
  0.992187500000000      -0.239686449591693      -0.181548714323525     
   1.00000000000000      -0.242888183347458      -0.191600872465255     
   1.00781250000000      -0.245365089625616      -0.203593242206819     
   1.01562500000000      -0.245847161704385      -0.218397024467856     
   1.02343750000000      -0.241271780869002      -0.231492649499612     
   1.03125000000000      -0.237530624349862      -0.243336383245977     
   1.03906250000000      -0.233486446706768      -0.255753099535744     
   1.04687500000000      -0.228497563978313      -0.269161052000707     
   1.05468750000000      -0.221802780581435      -0.283814525174988     
   1.06250000000000      -0.212239810433550      -0.299810131693868     
   1.07031250000000      -0.197671205354667      -0.316821313440447     
   1.07812500000000      -0.171123106754947      -0.329977969501536     
   1.08593750000000      -0.150155743875326      -0.327094394976619     
   1.09375000000000      -0.134810526845302      -0.324136480276262     
   1.10156250000000      -0.122086341968289      -0.321024387676073     
   1.10937500000000      -0.111161151692239      -0.317826802473387     
   1.11718750000000      -0.101663954124374      -0.314627182447171     
   1.12500000000000      -9.341241343974377E-002 -0.311540623297895     
   1.13281250000000      -8.634115925375674E-002 -0.308756618911477     
   1.14062500000000      -8.066443880881322E-002 -0.306802775476771     
   1.14843750000000      -7.406220332517806E-002 -0.306740549666993     
   1.15625000000000      -6.700329583615663E-002 -0.306174372453299     
   1.16406250000000      -5.982381465766581E-002 -0.305490672350711     
   1.17187500000000      -5.250248393340240E-002 -0.304657741047218     
   1.17968750000000      -4.502818306869664E-002 -0.303571616147434     
   1.18750000000000      -3.743586077389521E-002 -0.302083725034323     
   1.19531250000000      -2.985207460043002E-002 -0.299997969285712     
   1.20312500000000      -2.263276261531934E-002 -0.297031040817948     
   1.21093750000000      -1.764026611854825E-002 -0.293667274870394     
   1.21875000000000      -1.246556358613486E-002 -0.292666470479120     
   1.22656250000000      -6.306844403111899E-003 -0.291970340433330     
   1.23437500000000       6.533967712908538E-004 -0.291200112476870     
   1.24218750000000       8.370634462634731E-003 -0.290087753830427     
   1.25000000000000       1.681257174778926E-002 -0.288361395697053     
   1.25781250000000       2.592325278836321E-002 -0.285700692419803     
   1.26562500000000       3.559369740147589E-002 -0.281677930867929     
   1.27343750000000       4.562242933623101E-002 -0.275556413914178     
   1.28125000000000       5.337701400366709E-002 -0.264922555506430     
   1.28906250000000       5.640560822882368E-002 -0.256696591958352     
   1.29687500000000       5.918757887799488E-002 -0.250054409975040     
   1.30468750000000       6.183576332873077E-002 -0.244161271161206     
   1.31250000000000       6.434896003845146E-002 -0.238737968757771     
   1.32031250000000       6.669035940435999E-002 -0.233696728310683     
   1.32812500000000       6.883255349924078E-002 -0.229119826781802     
   1.33593750000000       7.093474087291096E-002 -0.225374997480961     
   1.34375000000000       7.438506428116154E-002 -0.223075619110301     
   1.35156250000000       8.253775062273379E-002 -0.216890347491889     
   1.35937500000000       8.198692787176545E-002 -0.208480906053045     
   1.36718750000000       8.244241595870966E-002 -0.203880390724755     
   1.37500000000000       8.360421240673820E-002 -0.199939713406647     
   1.38281250000000       8.523751155896495E-002 -0.196210493753778     
   1.39062500000000       8.722746995971922E-002 -0.192490406560497     
   1.39843750000000       8.949776707789825E-002 -0.188641686518872     
   1.40625000000000       9.198076736387499E-002 -0.184540249284642     
   1.41406250000000       9.459690504205297E-002 -0.180046804641353     
   1.42187500000000       9.722470685383057E-002 -0.174959317585830     
   1.42968750000000       9.956241653751205E-002 -0.168638558579763     
   1.43750000000000       9.921125784189952E-002 -0.162837625948795     
   1.44531250000000       9.931413038249737E-002 -0.158356276998707     
   1.45312500000000       9.973376708355045E-002 -0.154233142149924     
   1.46093750000000       0.100426992303363      -0.150238063884054     
   1.46875000000000       0.101372782266021      -0.146212254510712     
   1.47656250000000       0.102540533204983      -0.141995705112941     
   1.48437500000000       0.103851862997604      -0.137399389195680     
   1.49218750000000       0.105115766058862      -0.132205247837262     
   1.50000000000000       0.105920199337626      -0.126223418411929     
   1.50781250000000       0.105424303084266      -0.119493822801618     
   1.51562500000000       0.102589704117173      -0.114419638190084     
   1.52343750000000       0.101181463485367      -0.110790593756223     
   1.53125000000000       0.100237928259042      -0.107073547555205     
   1.53906250000000       9.945259235147362E-002 -0.103236564546699     
   1.54687500000000       9.868699877958488E-002 -9.926524004134803E-002
   1.55468750000000       9.784678823675580E-002 -9.515338625619790E-002
   1.56250000000000       9.685129969926924E-002 -9.090105264516604E-002
   1.57031250000000       9.562004879899760E-002 -8.651438917262612E-002
   1.57812500000000       9.406094345992555E-002 -8.200572627170825E-002
   1.58593750000000       9.204662634365281E-002 -7.739179536687239E-002
   1.59375000000000       8.930690639020664E-002 -7.267692438164772E-002
   1.60156250000000       8.508576330417164E-002 -6.910325854392363E-002
   1.60937500000000       8.179864018589079E-002 -6.674469921161542E-002
   1.61718750000000       7.888485706009778E-002 -6.450619666672464E-002
   1.62500000000000       7.612096158801980E-002 -6.235108646798336E-002
   1.63281250000000       7.340708021210071E-002 -6.027708655306534E-002
   1.64062500000000       7.068216818899815E-002 -5.829617824607564E-002
   1.64843750000000       6.790362041597996E-002 -5.643025266920839E-002
   1.65625000000000       6.503989432133651E-002 -5.471028588571390E-002
   1.66406250000000       6.206686559620855E-002 -5.317734363052060E-002
   1.67187500000000       5.896390579703781E-002 -5.188647391066804E-002
   1.67968750000000       5.570117002780834E-002 -5.092118582525834E-002
   1.68750000000000       5.211360548233823E-002 -5.061351788668358E-002
   1.69531250000000       4.945918084836731E-002 -5.117847807930249E-002
   1.70312500000000       4.728891225263774E-002 -5.158004639513204E-002
   1.71093750000000       4.537088452611646E-002 -5.192919294227349E-002
   1.71875000000000       4.363248028192752E-002 -5.225737325789919E-002
   1.72656250000000       4.203425058369750E-002 -5.258282060370267E-002
   1.73437500000000       4.055035662764722E-002 -5.292021821452866E-002
   1.74218750000000       3.916206559894054E-002 -5.328468337142103E-002
   1.75000000000000       3.785508263769895E-002 -5.369497062597714E-002
   1.75781250000000       3.661864418809820E-002 -5.417800390683635E-002
   1.76562500000000       3.544624163530895E-002 -5.477846744048263E-002
   1.77343750000000       3.434073289486669E-002 -5.558883348013999E-002
   1.78125000000000       3.339011910201963E-002 -5.703678473928004E-002
   1.78906250000000       3.385271502024643E-002 -5.815544512419955E-002
   1.79687500000000       3.423838364652289E-002 -5.868653207195000E-002
   1.80468750000000       3.463121212231171E-002 -5.897139933905851E-002
   1.81250000000000       3.504202227064666E-002 -5.907734056518093E-002
   1.82031250000000       3.547108935699509E-002 -5.903292322389507E-002
   1.82812500000000       3.591414743987126E-002 -5.885262550783275E-002
   1.83593750000000       3.636378966615090E-002 -5.854437775034037E-002
   1.84375000000000       3.680959471470017E-002 -5.811290630596124E-002
   1.85156250000000       3.723754341831493E-002 -5.756179174088941E-002
   1.85937500000000       3.762851207309507E-002 -5.689539207448442E-002
   1.86718750000000       3.795445168385595E-002 -5.612184537828824E-002
   1.87500000000000       3.816447020814112E-002 -5.526167922627869E-002
   1.88281250000000       3.815313117512313E-002 -5.453133584304316E-002
   1.89062500000000       3.839996536328392E-002 -5.392327798111556E-002
   1.89843750000000       3.873303248639021E-002 -5.318566222462685E-002
   1.90625000000000       3.909914781861905E-002 -5.233527397372286E-002
   1.91406250000000       3.947839888535307E-002 -5.137514921883191E-002
   1.92187500000000       3.985876358009677E-002 -5.030376773514137E-002
   1.92968750000000       4.023112413262012E-002 -4.911648819653931E-002
   1.93750000000000       4.058753589934638E-002 -4.780547205093688E-002
   1.94531250000000       4.092042290752540E-002 -4.635866660340238E-002
   1.95312500000000       4.122206737456669E-002 -4.475745319792460E-002
   1.96093750000000       4.148407083727605E-002 -4.297145357330844E-002
   1.96875000000000       4.169627268024574E-002 -4.094548855332511E-002
   1.97656250000000       4.184282480796571E-002 -3.855575007910252E-002
   1.98437500000000       4.181532449032317E-002 -3.516077220170053E-002
   1.99218750000000       3.963780794427888E-002 -3.211948754033895E-002
   2.00000000000000       3.748593521561866E-002 -2.996428420640112E-002
   2.00781250000000       3.526987595508238E-002 -2.820224914630992E-002
   2.01562500000000       3.297760423035231E-002 -2.675053739583510E-002
   2.02343750000000       3.061200812539153E-002 -2.558657428904550E-002
   2.03125000000000       2.818474341141491E-002 -2.471054326329159E-002
   2.03906250000000       2.571521054011000E-002 -2.413411695302083E-002
   2.04687500000000       2.323103817213994E-002 -2.387580936437262E-002
   2.05468750000000       2.076942800200147E-002 -2.395880818410526E-002
   2.06250000000000       1.837951449875312E-002 -2.441034666919041E-002
   2.07031250000000       1.612675655877047E-002 -2.526322208716576E-002
   2.07812500000000       1.410295731460587E-002 -2.656299365453129E-002
   2.08593750000000       1.245854958187496E-002 -2.839876838394207E-002
   2.09375000000000       1.180254555031362E-002 -3.124385230247522E-002
   2.10156250000000       1.300974949379958E-002 -3.241573371143518E-002
   2.10937500000000       1.363847384404985E-002 -3.281486282913138E-002
   2.11718750000000       1.404218341665307E-002 -3.292602505045235E-002
   2.12500000000000       1.430337421985683E-002 -3.286298706460355E-002
   2.13281250000000       1.445970654040713E-002 -3.267800040442475E-002
   2.14062500000000       1.453179864961644E-002 -3.240026597817968E-002
   2.14843750000000       1.453178118862193E-002 -3.204779479543473E-002
   2.15625000000000       1.446676384423103E-002 -3.163225793577327E-002
   2.16406250000000       1.434039278426165E-002 -3.116126025159815E-002
   2.17187500000000       1.415345703221694E-002 -3.063941934514883E-002
   2.17968750000000       1.390377850119548E-002 -3.006869844733557E-002
   2.18750000000000       1.358510152642000E-002 -2.944793870039398E-002
   2.19531250000000       1.318343645171898E-002 -2.877063689338671E-002
   2.20312500000000       1.266171930639658E-002 -2.801492899279781E-002
   2.21093750000000       1.175000043190689E-002 -2.724315313127837E-002
   2.21875000000000       1.084015947926872E-002 -2.690451633425268E-002
   2.22656250000000       1.004312050605689E-002 -2.663278646702018E-002
   2.23437500000000       9.299717037178518E-003 -2.638780795874891E-002
   2.24218750000000       8.588185777402741E-003 -2.615503127170708E-002
   2.25000000000000       7.896124310787333E-003 -2.592642703400850E-002
   2.25781250000000       7.214746654963738E-003 -2.569658062538740E-002
   2.26562500000000       6.536796125571403E-003 -2.546129246721475E-002
   2.27343750000000       5.855501618943858E-003 -2.521690121673028E-002
   2.28125000000000       5.163865005856516E-003 -2.495984499082647E-002
   2.28906250000000       4.453966519982993E-003 -2.468625180057500E-002
   2.29687500000000       3.716011334555800E-003 -2.439138248693090E-002
   2.30468750000000       2.936610205823126E-003 -2.406861038258197E-002
   2.31250000000000       2.094830540305762E-003 -2.370702553242370E-002
   2.32031250000000       1.149681448434143E-003 -2.328367229224521E-002
   2.32812500000000      -5.642312633154277E-005 -2.270195557947641E-002
   2.33593750000000      -1.776611884638809E-003 -2.274413906314371E-002
   2.34375000000000      -3.152126131965830E-003 -2.307256472411249E-002
   2.35156250000000      -4.386875858180634E-003 -2.349727072755402E-002
   2.35937500000000      -5.524143864418248E-003 -2.399054656103345E-002
   2.36718750000000      -6.583562330631322E-003 -2.454025020343112E-002
   2.37500000000000      -7.575955393268582E-003 -2.514001988644328E-002
   2.38281250000000      -8.507728324315936E-003 -2.578641148810444E-002
   2.39062500000000      -9.382613666578282E-003 -2.647779098948069E-002
   2.39843750000000      -1.020244885292454E-002 -2.721388022170099E-002
   2.40625000000000      -1.096748720663958E-002 -2.799563571971824E-002
   2.41406250000000      -1.167639390583390E-002 -2.882538287729609E-002
   2.42187500000000      -1.232590323238224E-002 -2.970726865442884E-002
   2.42968750000000      -1.290989886512981E-002 -3.064830632717726E-002
   2.43750000000000      -1.341710011832024E-002 -3.166089402158506E-002
   2.44531250000000      -1.382397927079803E-002 -3.277040398356747E-002
   2.45312500000000      -1.405490075030562E-002 -3.405756026031435E-002
   2.46093750000000      -1.365849869113170E-002 -3.518443753971499E-002
   2.46875000000000      -1.336831186425153E-002 -3.589321897614085E-002
   2.47656250000000      -1.314546117726154E-002 -3.649312377810906E-002
   2.48437500000000      -1.295924140943196E-002 -3.702488912430646E-002
   2.49218750000000      -1.279719687060649E-002 -3.750654161800483E-002
   2.50000000000000      -1.265287781353516E-002 -3.794829143991862E-002
   2.53125000000000      -1.220109163921308E-002 -3.941975660505402E-002
   2.56250000000000      -1.194782021021230E-002 -4.052938541480658E-002
   2.59375000000000      -1.228727094790000E-002 -4.147292913526038E-002
   2.62500000000000      -1.266294000296404E-002 -4.312039575424749E-002
   2.65625000000000      -1.294792449161501E-002 -4.508315306658318E-002
   2.68750000000000      -1.323011547032131E-002 -4.798491838028318E-002
   2.71875000000000      -1.049049655337034E-002 -5.467046341365719E-002
   2.75000000000000      -4.956674725945667E-003 -5.090387821809904E-002
   2.78125000000000      -4.427550848807886E-003 -5.046480566371778E-002
   2.81250000000000      -3.611633541585741E-003 -5.085516578560256E-002
   2.84375000000000      -2.488542659351954E-003 -5.169807273968821E-002
   2.87500000000000      -3.558607181801029E-004 -5.343817284651035E-002
   2.90625000000000       3.401748874269827E-003 -5.298610467834745E-002
   2.93750000000000       6.326547268625786E-003 -5.152857101840920E-002
   2.96875000000000       8.703243949961253E-003 -4.945128589243851E-002
   3.00000000000000       1.044904891720288E-002 -4.684063571238896E-002
   3.03125000000000       1.096112639242781E-002 -4.383847345867238E-002
   3.06250000000000       1.110448715353305E-002 -4.194704685195277E-002
   3.09375000000000       1.137312802241261E-002 -3.991485637591546E-002
   3.12500000000000       1.140965723681850E-002 -3.765026878805918E-002
   3.15625000000000       1.096679736791833E-002 -3.510400422114238E-002
   3.18750000000000       9.338869535092713E-003 -3.205408035109967E-002
   3.21875000000000       6.305228426071712E-003 -3.163121097142983E-002
   3.25000000000000       4.620129220690770E-003 -3.186641341351933E-002
   3.28125000000000       3.455855976411332E-003 -3.229560724577545E-002
   3.31250000000000       2.672074916860181E-003 -3.287084132020059E-002
   3.34375000000000       2.289525863438140E-003 -3.362019342242734E-002
   3.37500000000000       2.796959697509020E-003 -3.411433687356361E-002
   3.40625000000000       3.067072095824909E-003 -3.393277843345890E-002
   3.43750000000000       3.179453757815309E-003 -3.367939854240860E-002
   3.46875000000000       3.211845445849622E-003 -3.339721070561628E-002
   3.50000000000000       3.185923542230495E-003 -3.310550214114416E-002
   3.53125000000000       3.100469821797300E-003 -3.282377959195231E-002
   3.56250000000000       3.009206349813253E-003 -3.262005576723657E-002
   3.59375000000000       2.946536658890712E-003 -3.240204353363831E-002
   3.62500000000000       2.873558987030106E-003 -3.217633893455711E-002
   3.65625000000000       2.779511492814208E-003 -3.195213254930281E-002
   3.68750000000000       2.652473140221324E-003 -3.174175597659588E-002
   3.71875000000000       2.460289116715289E-003 -3.157940615433175E-002
   3.75000000000000       2.362328295734226E-003 -3.160297552010387E-002
   3.78125000000000       2.381473903004521E-003 -3.154863228526441E-002
   3.81250000000000       2.423440997209256E-003 -3.144069633442568E-002
   3.84375000000000       2.463276699761646E-003 -3.128738889161716E-002
   3.87500000000000       2.477394709999818E-003 -3.109171250440927E-002
   3.90625000000000       2.421576873728479E-003 -3.085104461234434E-002
   3.93750000000000       2.171912435979449E-003 -3.074804859783812E-002
   3.96875000000000       2.078388318893364E-003 -3.080934624040042E-002
   4.00000000000000       2.071485753855590E-003 -3.088258194784407E-002
   4.03125000000000       2.129266579983796E-003 -3.096338539796331E-002
   4.06250000000000       2.251407919330762E-003 -3.105296121430959E-002
   4.09375000000000       2.456258080475141E-003 -3.115762382405001E-002
   4.12500000000000       2.866994780009624E-003 -3.130874152906203E-002
   4.15625000000000       3.389502837915845E-003 -3.101316184794829E-002
   4.18750000000000       3.722192898606078E-003 -3.064823809159521E-002
   4.21875000000000       3.969531249563717E-003 -3.024442569514311E-002
   4.25000000000000       4.147314899802702E-003 -2.980670763194339E-002
   4.28125000000000       4.254486462756719E-003 -2.933446134274380E-002
   4.31250000000000       4.273660770140484E-003 -2.882018212329200E-002
   4.34375000000000       4.075574077936503E-003 -2.823910779013206E-002
   4.37500000000000       3.763943045115146E-003 -2.799603628410326E-002
   4.40625000000000       3.553774285101018E-003 -2.780961011161926E-002
   4.43750000000000       3.373810772050503E-003 -2.764534633482392E-002
   4.46875000000000       3.201955802890529E-003 -2.749499517784825E-002
   4.50000000000000       3.022084074437584E-003 -2.735507791461230E-002
   4.53125000000000       2.812913008475135E-003 -2.722365825577029E-002
   4.56250000000000       2.512692353248116E-003 -2.709723026225251E-002
   4.59375000000000       2.108318657841373E-003 -2.727969109005090E-002
   4.62500000000000       1.934678417406138E-003 -2.755288849103788E-002
   4.65625000000000       1.865117359427000E-003 -2.784256096030410E-002
   4.68750000000000       1.879948235497242E-003 -2.814923892651630E-002
   4.71875000000000       1.978526958977881E-003 -2.847615231397871E-002
   4.75000000000000       2.174845587591301E-003 -2.883012728075120E-002
   4.78125000000000       2.513300401145192E-003 -2.922736613029747E-002
   4.81250000000000       3.293298797036117E-003 -2.961262756566397E-002
   4.84375000000000       4.030585186141789E-003 -2.935369740387554E-002
   4.87500000000000       4.546287049724974E-003 -2.901698424825920E-002
   4.90625000000000       4.946628068553946E-003 -2.863873247239228E-002
   4.93750000000000       5.258515564518697E-003 -2.822989523933236E-002
   4.96875000000000       5.489428141051156E-003 -2.779557060126136E-002
   5.00000000000000       5.634263027155470E-003 -2.733785810429211E-002
   5.03125000000000       5.666841547317606E-003 -2.685524409421144E-002
   5.06250000000000       5.409067407845705E-003 -2.641131773009466E-002
   5.09375000000000       5.226056808857345E-003 -2.636513302165470E-002
   5.12500000000000       5.181430839554964E-003 -2.633623871351400E-002
   5.15625000000000       5.201777339202442E-003 -2.631400924997759E-002
   5.18750000000000       5.268534989010849E-003 -2.629677581180902E-002
   5.21875000000000       5.376486876187366E-003 -2.628528454600821E-002
   5.25000000000000       5.528813019746018E-003 -2.628222366946991E-002
   5.28125000000000       5.740897298024857E-003 -2.629374154372002E-002
   5.31250000000000       6.074198173652576E-003 -2.633977098305396E-002
   5.34375000000000       6.650433266551375E-003 -2.609946446609274E-002
   5.37500000000000       7.010635220200944E-003 -2.568020849087806E-002
   5.40625000000000       7.270081507670021E-003 -2.522278332483476E-002
   5.43750000000000       7.451806892923782E-003 -2.473781641613460E-002
   5.46875000000000       7.561219346643842E-003 -2.423052592624433E-002
   5.50000000000000       7.595688217553799E-003 -2.370402667990136E-002
   5.53125000000000       7.544468704655372E-003 -2.315988870742351E-002
   5.56250000000000       7.380244590014885E-003 -2.259705469093842E-002
   5.59375000000000       6.984875434842596E-003 -2.199889542177243E-002
   5.62500000000000       6.408176524589434E-003 -2.191535435678504E-002
   5.65625000000000       6.098040414890379E-003 -2.191324188069118E-002
   5.68750000000000       5.879047522143434E-003 -2.192720326079976E-002
   5.71875000000000       5.718452165579204E-003 -2.195173847594200E-002
   5.75000000000000       5.602694673839914E-003 -2.198491691820086E-002
   5.78125000000000       5.525982268495030E-003 -2.202627349685184E-002
   5.81250000000000       5.487806851085167E-003 -2.207641610365028E-002
   5.84375000000000       5.494542979567767E-003 -2.213746949649406E-002
   5.87500000000000       5.574231923161982E-003 -2.221638270662286E-002
   5.90625000000000       5.801217355779457E-003 -2.215925198173445E-002
   5.93750000000000       5.913760721671873E-003 -2.199565296499443E-002
   5.96875000000000       5.978270858025197E-003 -2.182306652071651E-002
   6.00000000000000       6.011783541016922E-003 -2.164537738556840E-002
   6.03125000000000       6.019518329157422E-003 -2.146403216204428E-002
   6.06250000000000       6.002224057486263E-003 -2.127965160551003E-002
   6.09375000000000       5.957374329942007E-003 -2.109239199686735E-002
   6.12500000000000       5.878067776540033E-003 -2.090195779092439E-002
   6.15625000000000       5.747459644713932E-003 -2.070719059510166E-002
   6.18750000000000       5.494034455890980E-003 -2.050229546329580E-002
   6.21875000000000       5.168061369001374E-003 -2.061074171923281E-002
   6.25000000000000       5.019794183683614E-003 -2.075632696043179E-002
   6.28125000000000       4.940397480982807E-003 -2.090759611775809E-002
   6.31250000000000       4.911046068239124E-003 -2.106328647980849E-002
   6.34375000000000       4.924997672884867E-003 -2.122317888736969E-002
   6.37500000000000       4.980819866982737E-003 -2.138756286879802E-002
   6.40625000000000       5.081164971343087E-003 -2.155719807255714E-002
   6.43750000000000       5.233987782253534E-003 -2.173355206178222E-002
   6.46875000000000       5.458272761245744E-003 -2.191966133883326E-002
   6.50000000000000       5.816549538392767E-003 -2.212480099257476E-002
   6.53125000000000       6.415919577194525E-003 -2.202291754367313E-002
   6.56250000000000       6.769598787915642E-003 -2.174571069473936E-002
   6.59375000000000       7.025389728175399E-003 -2.145307773019666E-002
   6.62500000000000       7.217260771951430E-003 -2.115046138103649E-002
   6.65625000000000       7.357955704461327E-003 -2.084021926088762E-002
   6.68750000000000       7.452765534298379E-003 -2.052364170448688E-002
   6.71875000000000       7.502735422270065E-003 -2.020145823068619E-002
   6.75000000000000       7.505129263038002E-003 -1.987397033062013E-002
   6.78125000000000       7.451809906810515E-003 -1.954095204099003E-002
   6.81250000000000       7.322153788471016E-003 -1.920102174563315E-002
   6.84375000000000       7.019353479061261E-003 -1.884545472205542E-002
   6.87500000000000       6.644798851893384E-003 -1.888113018900211E-002
   6.90625000000000       6.456219865601421E-003 -1.894449472274502E-002
   6.93750000000000       6.333515196367678E-003 -1.901415249965252E-002
   6.96875000000000       6.253896093352121E-003 -1.908799451352347E-002
   7.00000000000000       6.207492893713073E-003 -1.916519429654111E-002
   7.03125000000000       6.189394498450960E-003 -1.924542509088431E-002
   7.06250000000000       6.197411691371372E-003 -1.932865224346327E-002
   7.09375000000000       6.231448843253165E-003 -1.941509415915621E-002
   7.12500000000000       6.293847464161399E-003 -1.950530359490077E-002
   7.15625000000000       6.391541006165112E-003 -1.960051000659362E-002
   7.18750000000000       6.548648908816715E-003 -1.970450425765616E-002
   7.21875000000000       6.809073398494962E-003 -1.969030635056971E-002
   7.25000000000000       6.980358134498872E-003 -1.960621267755430E-002
   7.28125000000000       7.120089497437435E-003 -1.951657037656691E-002
   7.31250000000000       7.242065593615922E-003 -1.942368301822249E-002
   7.34375000000000       7.351922686897387E-003 -1.932859013775528E-002
   7.37500000000000       7.452684756554114E-003 -1.923191997379995E-002
   7.40625000000000       7.546207794526071E-003 -1.913412105875064E-002
   7.43750000000000       7.633733089634970E-003 -1.903555891803481E-002
   7.46875000000000       7.716149072045904E-003 -1.893657364147255E-002
   7.50000000000000       7.794140484009864E-003 -1.883753710241847E-002
   7.53125000000000       7.868310041265786E-003 -1.873896739331572E-002
   7.56250000000000       7.939496886095470E-003 -1.864214868372193E-002
   7.59375000000000       8.012925862896224E-003 -1.854505189529106E-002
   7.62500000000000       8.083510134935504E-003 -1.844448207176549E-002
   7.65625000000000       8.151209605484109E-003 -1.834246617061024E-002
   7.68750000000000       8.216181591676060E-003 -1.823935654045239E-002
   7.71875000000000       8.278509257514263E-003 -1.813532080389577E-002
   7.75000000000000       8.338228825707486E-003 -1.803045636400392E-002
   7.78125000000000       8.395333396003608E-003 -1.792482154736336E-002
   7.81250000000000       8.449767200894123E-003 -1.781844489365694E-002
   7.84375000000000       8.501408154015717E-003 -1.771132313822845E-002
   7.87500000000000       8.550025104526869E-003 -1.760340503179301E-002
   7.90625000000000       8.595157529175146E-003 -1.749453720673045E-002
   7.93750000000000       8.635599174898726E-003 -1.738421599768221E-002
   7.96875000000000       8.664270615829276E-003 -1.727651326053296E-002
   8.00000000000000       8.694941896719332E-003 -1.717948505860135E-002
   8.03125000000000       8.727377654831151E-003 -1.708365265257462E-002
   8.06250000000000       8.759915036318986E-003 -1.698839138491577E-002
   8.09375000000000       8.791878244535090E-003 -1.689351831676458E-002
   8.12500000000000       8.822850887056781E-003 -1.679896914461851E-002
   8.15625000000000       8.852507094516562E-003 -1.670473212566257E-002
   8.18750000000000       8.880540011030467E-003 -1.661082756314556E-002
   8.21875000000000       8.906612169294125E-003 -1.651730241313669E-002
   8.25000000000000       8.930297604160715E-003 -1.642423383713294E-002
   8.28125000000000       8.950978465213645E-003 -1.633174424316267E-002
   8.31250000000000       8.967584994275107E-003 -1.624004497316504E-002
   8.34375000000000       8.977551031072541E-003 -1.614960914539036E-002
   8.37500000000000       8.972925360787577E-003 -1.607358894702657E-002
   8.40625000000000       8.984900968609471E-003 -1.601322385561079E-002
   8.43750000000000       9.004017546662415E-003 -1.595171235650317E-002
   8.46875000000000       9.026755921734481E-003 -1.588956791169669E-002
   8.50000000000000       9.051798146601725E-003 -1.582698016834424E-002
   8.53125000000000       9.078401651809788E-003 -1.576404871493131E-002
   8.56250000000000       9.106049629841448E-003 -1.570083258481422E-002
   8.59375000000000       9.134317297116447E-003 -1.563736701107339E-002
   8.62500000000000       9.162796116276474E-003 -1.557366934611781E-002
   8.65625000000000       9.191026791072317E-003 -1.550973912828410E-002
   8.68750000000000       9.218405696403141E-003 -1.544555194297017E-002
   8.71875000000000       9.243996343171192E-003 -1.538104059516961E-002
   8.75000000000000       9.265995639690435E-003 -1.531603429030060E-002
   8.78125000000000       9.278949207756659E-003 -1.524992172788888E-002
   8.81250000000000       9.273533523998246E-003 -1.521115714950801E-002
   8.84375000000000       9.293100939801147E-003 -1.518813266465354E-002
   8.87500000000000       9.324167964228292E-003 -1.516626429770113E-002
   8.90625000000000       9.363619233711274E-003 -1.514520842004956E-002
   8.93750000000000       9.410351644325745E-003 -1.512485838048060E-002
   8.96875000000000       9.463981702128157E-003 -1.510518853749892E-002
   9.00000000000000       9.524532064757762E-003 -1.508621727758978E-002
   9.03125000000000       9.592345277993302E-003 -1.506799679418335E-002
   9.06250000000000       9.668095934483395E-003 -1.505061393225560E-002
   9.09375000000000       9.752885769286164E-003 -1.503419984494053E-002
   9.12500000000000       9.848466026492815E-003 -1.501895270864045E-002
   9.15625000000000       9.957742174682963E-003 -1.500518898970662E-002
   9.18750000000000       1.008611544260191E-002 -1.499347864787380E-002
   9.21875000000000       1.024667960625631E-002 -1.498516416960361E-002
   9.25000000000000       1.050400181229028E-002 -1.493461723939828E-002
   9.28125000000000       1.070074587159155E-002 -1.476274093894478E-002
   9.31250000000000       1.085013626554259E-002 -1.458593462367705E-002
   9.34375000000000       1.097364541691548E-002 -1.440641759598343E-002
   9.37500000000000       1.107830100268257E-002 -1.422495557126433E-002
   9.40625000000000       1.116753008810274E-002 -1.404194713617302E-002
   9.43750000000000       1.124322910130083E-002 -1.385763493578373E-002
   9.46875000000000       1.130645363054333E-002 -1.367217783470474E-002
   9.50000000000000       1.135769511126775E-002 -1.348568152770800E-002
   9.53125000000000       1.139698171992157E-002 -1.329821207384863E-002
   9.56250000000000       1.142386798775384E-002 -1.310979979074973E-002
   9.59375000000000       1.143730255945947E-002 -1.292043436395487E-002
   9.62500000000000       1.143527035293799E-002 -1.273004560054114E-002
   9.65625000000000       1.141381696009025E-002 -1.253844622044710E-002
   9.68750000000000       1.136343147399431E-002 -1.234511150118203E-002
   9.71875000000000       1.123213247696523E-002 -1.217554186338665E-002
   9.75000000000000       1.113858597698442E-002 -1.211856411433447E-002
   9.78125000000000       1.108579840537259E-002 -1.206417505297645E-002
   9.81250000000000       1.105213412423430E-002 -1.201100255795747E-002
   9.84375000000000       1.103111883294982E-002 -1.195864346403836E-002
   9.87500000000000       1.101962995684108E-002 -1.190690819474119E-002
   9.90625000000000       1.101589768268420E-002 -1.185569342814150E-002
   9.93750000000000       1.101885256374591E-002 -1.180494079436763E-002
   9.96875000000000       1.102785433144700E-002 -1.175461993717698E-002
   10.0000000000000       1.104256923036144E-002 -1.170472114119127E-002
   10.0312500000000       1.106292285443356E-002 -1.165525296272083E-002
   10.0625000000000       1.108910814335914E-002 -1.160624375463627E-002
   10.0937500000000       1.112166014643985E-002 -1.155774824730529E-002
   10.1250000000000       1.116166136699960E-002 -1.150986438092171E-002
   10.1562500000000       1.121132163730057E-002 -1.146277979246851E-002
   10.1875000000000       1.127630695668388E-002 -1.141695650442076E-002
   10.2187500000000       1.138307231190741E-002 -1.135001894550818E-002
   10.2500000000000       1.146252538760073E-002 -1.123487079348166E-002
   10.2812500000000       1.152381729726620E-002 -1.111823300398028E-002
   10.3125000000000       1.157554293500784E-002 -1.100080606635842E-002
   10.3437500000000       1.162061618248853E-002 -1.088283724105591E-002
   10.3750000000000       1.166050544333903E-002 -1.076445728080758E-002
   10.4062500000000       1.169607715825981E-002 -1.064574833149781E-002
   10.4375000000000       1.172788650569115E-002 -1.052676770012866E-002
   10.4687500000000       1.175630430172595E-002 -1.040755852249686E-002
   10.5000000000000       1.178157999031130E-002 -1.028815538965228E-002
   10.5312500000000       1.180387452963225E-002 -1.016858775184232E-002
   10.5625000000000       1.182327613775370E-002 -1.004888233343183E-002
   10.5937500000000       1.183980296611879E-002 -9.929065286256823E-003
   10.6250000000000       1.185339000378110E-002 -9.809164826295090E-003
   10.6562500000000       1.186384433198587E-002 -9.689215872121645E-003
   10.6875000000000       1.187069989053819E-002 -9.569272081316105E-003
   10.7187500000000       1.187243630036431E-002 -9.449465071901492E-003
   10.7500000000000       1.186800491645091E-002 -9.338138256874221E-003
   10.7812500000000       1.186871029306807E-002 -9.229763712915047E-003
   10.8125000000000       1.186997790111763E-002 -9.121041637583285E-003
   10.8437500000000       1.187084005866973E-002 -9.012055054257334E-003
   10.8750000000000       1.187086680989063E-002 -8.902844312530311E-003
   10.9062500000000       1.186979326320438E-002 -8.793434972891987E-003
   10.9375000000000       1.186742061719726E-002 -8.683845288962287E-003
   10.9687500000000       1.186357577175434E-002 -8.574089117901456E-003
   11.0000000000000       1.185808915056157E-002 -8.464177244063819E-003
   11.0312500000000       1.185077830457776E-002 -8.354117977478278E-003
   11.0625000000000       1.184143149305123E-002 -8.243917311393907E-003
   11.0937500000000       1.182978650749857E-002 -8.133578689378451E-003
   11.1250000000000       1.181549786209048E-002 -8.023102251901953E-003
   11.1562500000000       1.179807812352720E-002 -7.912483128859350E-003
   11.1875000000000       1.177677636896782E-002 -7.801707518411088E-003
   11.2187500000000       1.175027056975799E-002 -7.690742196045874E-003
   11.2500000000000       1.171554911196044E-002 -7.579494840854135E-003
   11.2812500000000       1.165682437526066E-002 -7.476275303170505E-003
   11.3125000000000       1.161116828413582E-002 -7.407114543106757E-003
   11.3437500000000       1.157842846338843E-002 -7.338427620959602E-003
   11.3750000000000       1.155195831707674E-002 -7.269967085594082E-003
   11.4062500000000       1.152973910822109E-002 -7.201661185199965E-003
   11.4375000000000       1.151078304673515E-002 -7.133477388844934E-003
   11.4687500000000       1.149452162431094E-002 -7.065399280411127E-003
   11.5000000000000       1.148060510653769E-002 -6.997419064425098E-003
   11.5312500000000       1.146881828280865E-002 -6.929534504808653E-003
   11.5625000000000       1.145904093894005E-002 -6.861747600063936E-003
   11.5937500000000       1.145122981234282E-002 -6.794064139498662E-003
   11.6250000000000       1.144541366892783E-002 -6.726493867475989E-003
   11.6562500000000       1.144169946519090E-002 -6.659051258604831E-003
   11.6875000000000       1.144029212269826E-002 -6.591757158607818E-003
   11.7187500000000       1.144153712409226E-002 -6.524641989617909E-003
   11.7500000000000       1.144601143214498E-002 -6.457752361019554E-003
   11.7812500000000       1.145474197532933E-002 -6.391166750040755E-003
   11.8125000000000       1.146988658274004E-002 -6.325044121616950E-003
   11.8437500000000       1.149910257038894E-002 -6.259935137641856E-003
   11.8750000000000       1.154265928550489E-002 -6.158596385824917E-003
   11.9062500000000       1.156260925968151E-002 -6.048880598512418E-003
   11.9375000000000       1.157402534672070E-002 -5.938487732881992E-003
   11.9687500000000       1.157976948131903E-002 -5.827647535892341E-003
   12.0000000000000       1.158109501073524E-002 -5.716468887872559E-003
   13.0000000000000       1.069024154837099E-002  0.000000000000000E+000
   14.0000000000000       9.926652866344492E-003  0.000000000000000E+000
   15.0000000000000       9.264876008588193E-003  0.000000000000000E+000
   16.0000000000000       8.685821258051431E-003  0.000000000000000E+000
   17.0000000000000       8.174890595813111E-003  0.000000000000000E+000
   18.0000000000000       7.720730007156828E-003  0.000000000000000E+000
   19.0000000000000       7.314375796253836E-003  0.000000000000000E+000
   20.0000000000000       6.948657006441145E-003  0.000000000000000E+000
   21.0000000000000       6.617768577562995E-003  0.000000000000000E+000
   22.0000000000000       6.316960914946495E-003  0.000000000000000E+000
   23.0000000000000       6.042310440383604E-003  0.000000000000000E+000
   24.0000000000000       5.790547505367620E-003  0.000000000000000E+000
   25.0000000000000       5.558925605152916E-003  0.000000000000000E+000
   26.0000000000000       5.345120774185496E-003  0.000000000000000E+000
   27.0000000000000       5.147153338104552E-003  0.000000000000000E+000
   28.0000000000000       4.963326433172246E-003  0.000000000000000E+000
   29.0000000000000       4.792177245821479E-003  0.000000000000000E+000
   30.0000000000000       4.632438004294096E-003  0.000000000000000E+000
   31.0000000000000       4.483004520284609E-003  0.000000000000000E+000
   32.0000000000000       4.342910629025715E-003  0.000000000000000E+000
   33.0000000000000       4.211307276630997E-003  0.000000000000000E+000
   34.0000000000000       4.087445297906556E-003  0.000000000000000E+000
   35.0000000000000       3.970661146537797E-003  0.000000000000000E+000
   36.0000000000000       3.860365003578414E-003  0.000000000000000E+000
   37.0000000000000       3.756030814292511E-003  0.000000000000000E+000
   38.0000000000000       3.657187898126918E-003  0.000000000000000E+000
   39.0000000000000       3.563413849456997E-003  0.000000000000000E+000
   40.0000000000000       3.474328503220572E-003  0.000000000000000E+000
   41.0000000000000       3.389588783629827E-003  0.000000000000000E+000
   42.0000000000000       3.308884288781498E-003  0.000000000000000E+000
   43.0000000000000       3.231933491367974E-003  0.000000000000000E+000
   44.0000000000000       3.158480457473248E-003  0.000000000000000E+000
   45.0000000000000       3.088292002862731E-003  0.000000000000000E+000
   46.0000000000000       3.021155220191802E-003  0.000000000000000E+000
   47.0000000000000       2.956875321889849E-003  0.000000000000000E+000
   48.0000000000000       2.895273752683810E-003  0.000000000000000E+000
   49.0000000000000       2.836186533241284E-003  0.000000000000000E+000
   50.0000000000000       2.779462802576458E-003  0.000000000000000E+000
   51.0000000000000       2.724963531937704E-003  0.000000000000000E+000
   52.0000000000000       2.672560387092748E-003  0.000000000000000E+000
   53.0000000000000       2.622134719411753E-003  0.000000000000000E+000
   54.0000000000000       2.573576669052276E-003  0.000000000000000E+000
   55.0000000000000       2.526784365978598E-003  0.000000000000000E+000
   56.0000000000000       2.481663216586123E-003  0.000000000000000E+000
   57.0000000000000       2.438125265417946E-003  0.000000000000000E+000
   58.0000000000000       2.396088622910740E-003  0.000000000000000E+000
   59.0000000000000       2.355476951335981E-003  0.000000000000000E+000
   60.0000000000000       2.316219002147048E-003  0.000000000000000E+000
   61.0000000000000       2.278248198833162E-003  0.000000000000000E+000
   62.0000000000000       2.241502260142305E-003  0.000000000000000E+000
   63.0000000000000       2.205922859187665E-003  0.000000000000000E+000
   64.0000000000000       2.171455314512858E-003  0.000000000000000E+000
   65.0000000000000       2.138048309674198E-003  0.000000000000000E+000
   66.0000000000000       2.105653638315498E-003  0.000000000000000E+000
   67.0000000000000       2.074225972071984E-003  0.000000000000000E+000
   68.0000000000000       2.043722648953278E-003  0.000000000000000E+000
   69.0000000000000       2.014103480127868E-003  0.000000000000000E+000
   70.0000000000000       1.985330573268898E-003  0.000000000000000E+000
   71.0000000000000       1.957368170828491E-003  0.000000000000000E+000
   72.0000000000000       1.930182501789207E-003  0.000000000000000E+000
   73.0000000000000       1.903741645600314E-003  0.000000000000000E+000
   74.0000000000000       1.878015407146255E-003  0.000000000000000E+000
   75.0000000000000       1.852975201717639E-003  0.000000000000000E+000
   76.0000000000000       1.828593949063459E-003  0.000000000000000E+000
   77.0000000000000       1.804845975698999E-003  0.000000000000000E+000
   78.0000000000000       1.781706924728499E-003  0.000000000000000E+000
   79.0000000000000       1.759153672516745E-003  0.000000000000000E+000
   80.0000000000000       1.737164251610286E-003  0.000000000000000E+000
   81.0000000000000       1.715717779368184E-003  0.000000000000000E+000
   82.0000000000000       1.694794391814913E-003  0.000000000000000E+000
   83.0000000000000       1.674375182274974E-003  0.000000000000000E+000
   84.0000000000000       1.654442144390749E-003  0.000000000000000E+000
   85.0000000000000       1.634978119162622E-003  0.000000000000000E+000
   86.0000000000000       1.615966745683987E-003  0.000000000000000E+000
   87.0000000000000       1.597392415273826E-003  0.000000000000000E+000
   88.0000000000000       1.579240228736624E-003  0.000000000000000E+000
   89.0000000000000       1.561495956503628E-003  0.000000000000000E+000
   90.0000000000000       1.544146001431365E-003  0.000000000000000E+000
   91.0000000000000       1.527177364052999E-003  0.000000000000000E+000
   92.0000000000000       1.510577610095901E-003  0.000000000000000E+000
   93.0000000000000       1.494334840094870E-003  0.000000000000000E+000
   94.0000000000000       1.478437660944924E-003  0.000000000000000E+000
   95.0000000000000       1.462875159250767E-003  0.000000000000000E+000
   96.0000000000000       1.447636876341905E-003  0.000000000000000E+000
   97.0000000000000       1.432712784833226E-003  0.000000000000000E+000
   98.0000000000000       1.418093266620642E-003  0.000000000000000E+000
   99.0000000000000       1.403769092210332E-003  0.000000000000000E+000
   100.000000000000       1.389731401288229E-003  0.000000000000000E+000
   101.000000000000       1.375971684443791E-003  0.000000000000000E+000
   102.000000000000       1.362481765968852E-003  0.000000000000000E+000
   103.000000000000       1.349253787658475E-003  0.000000000000000E+000
   104.000000000000       1.336280193546374E-003  0.000000000000000E+000
   105.000000000000       1.323553715512599E-003  0.000000000000000E+000
   106.000000000000       1.311067359705876E-003  0.000000000000000E+000
   107.000000000000       1.298814393727317E-003  0.000000000000000E+000
   108.000000000000       1.286788334526138E-003  0.000000000000000E+000
   109.000000000000       1.274982936961678E-003  0.000000000000000E+000
   110.000000000000       1.263392182989299E-003  0.000000000000000E+000
   111.000000000000       1.252010271430837E-003  0.000000000000000E+000
   112.000000000000       1.240831608293062E-003  0.000000000000000E+000
   113.000000000000       1.229850797600203E-003  0.000000000000000E+000
   114.000000000000       1.219062632708973E-003  0.000000000000000E+000
   115.000000000000       1.208462088076721E-003  0.000000000000000E+000
   116.000000000000       1.198044311455370E-003  0.000000000000000E+000
   117.000000000000       1.187804616485666E-003  0.000000000000000E+000
   118.000000000000       1.177738475667991E-003  0.000000000000000E+000
   119.000000000000       1.167841513687587E-003  0.000000000000000E+000
   120.000000000000       1.158109501073524E-003  0.000000000000000E+000
   121.000000000000       1.148538348172090E-003  0.000000000000000E+000
   122.000000000000       1.139124099416581E-003  0.000000000000000E+000
   123.000000000000       1.129862927876609E-003  0.000000000000000E+000
   124.000000000000       1.120751130071152E-003  0.000000000000000E+000
   125.000000000000       1.111785121030583E-003  0.000000000000000E+000
   126.000000000000       1.102961429593832E-003  0.000000000000000E+000
   127.000000000000       1.094276693927739E-003  0.000000000000000E+000
   128.000000000000       1.085727657256429E-003  0.000000000000000E+000
   129.000000000000       1.077311163789325E-003  0.000000000000000E+000
   130.000000000000       1.069024154837099E-003  0.000000000000000E+000
   131.000000000000       1.060863665105518E-003  0.000000000000000E+000
   132.000000000000       1.052826819157749E-003  0.000000000000000E+000
   133.000000000000       1.044910828036262E-003  0.000000000000000E+000
   134.000000000000       1.037112986035992E-003  0.000000000000000E+000
   135.000000000000       1.029430667620910E-003  0.000000000000000E+000
   136.000000000000       1.021861324476639E-003  0.000000000000000E+000
   137.000000000000       1.014402482692138E-003  0.000000000000000E+000
   138.000000000000       1.007051740063934E-003  0.000000000000000E+000
   139.000000000000       9.998067635167114E-004  0.000000000000000E+000
   140.000000000000       9.926652866344492E-004  0.000000000000000E+000
   141.000000000000       9.856251072966162E-004  0.000000000000000E+000
   142.000000000000       9.786840854142456E-004  0.000000000000000E+000
   143.000000000000       9.718401407609993E-004  0.000000000000000E+000
   144.000000000000       9.650912508946034E-004  0.000000000000000E+000
   145.000000000000       9.584354491642958E-004  0.000000000000000E+000
   146.000000000000       9.518708228001568E-004  0.000000000000000E+000
   147.000000000000       9.453955110804278E-004  0.000000000000000E+000
   148.000000000000       9.390077035731277E-004  0.000000000000000E+000
   149.000000000000       9.327056384484758E-004  0.000000000000000E+000
   150.000000000000       9.264876008588193E-004  0.000000000000000E+000
   151.000000000000       9.203519213829331E-004  0.000000000000000E+000
   152.000000000000       9.142969745317295E-004  0.000000000000000E+000
   153.000000000000       9.083211773125680E-004  0.000000000000000E+000
   154.000000000000       9.024229878494993E-004  0.000000000000000E+000
   155.000000000000       8.966009040569219E-004  0.000000000000000E+000
   156.000000000000       8.908534623642493E-004  0.000000000000000E+000
   157.000000000000       8.851792364893178E-004  0.000000000000000E+000
   158.000000000000       8.795768362583727E-004  0.000000000000000E+000
   159.000000000000       8.740449064705842E-004  0.000000000000000E+000
   160.000000000000       8.685821258051431E-004  0.000000000000000E+000
   161.000000000000       8.631872057690863E-004  0.000000000000000E+000
   162.000000000000       8.578588896840919E-004  0.000000000000000E+000
   163.000000000000       8.525959517105699E-004  0.000000000000000E+000
   164.000000000000       8.473971959074567E-004  0.000000000000000E+000
   165.000000000000       8.422614553261993E-004  0.000000000000000E+000
   166.000000000000       8.371875911374872E-004  0.000000000000000E+000
   167.000000000000       8.321744917893587E-004  0.000000000000000E+000
   168.000000000000       8.272210721953744E-004  0.000000000000000E+000
   169.000000000000       8.223262729516147E-004  0.000000000000000E+000
   170.000000000000       8.174890595813111E-004  0.000000000000000E+000
   171.000000000000       8.127084218059818E-004  0.000000000000000E+000
   172.000000000000       8.079833728419936E-004  0.000000000000000E+000
   173.000000000000       8.033129487215196E-004  0.000000000000000E+000
   174.000000000000       7.986962076369132E-004  0.000000000000000E+000
   175.000000000000       7.941322293075594E-004  0.000000000000000E+000
   176.000000000000       7.896201143683119E-004  0.000000000000000E+000
   177.000000000000       7.851589837786604E-004  0.000000000000000E+000
   178.000000000000       7.807479782518140E-004  0.000000000000000E+000
   179.000000000000       7.763862577029212E-004  0.000000000000000E+000
   180.000000000000       7.720730007156827E-004  0.000000000000000E+000
   181.000000000000       7.678074040266458E-004  0.000000000000000E+000
   182.000000000000       7.635886820264995E-004  0.000000000000000E+000
   183.000000000000       7.594160662777207E-004  0.000000000000000E+000
   184.000000000000       7.552888050479505E-004  0.000000000000000E+000
   185.000000000000       7.512061628585021E-004  0.000000000000000E+000
   186.000000000000       7.471674200474350E-004  0.000000000000000E+000
   187.000000000000       7.431718723466465E-004  0.000000000000000E+000
   188.000000000000       7.392188304724622E-004  0.000000000000000E+000
   189.000000000000       7.353076197292216E-004  0.000000000000000E+000
   190.000000000000       7.314375796253836E-004  0.000000000000000E+000
   191.000000000000       7.276080635016905E-004  0.000000000000000E+000
   192.000000000000       7.238184381709525E-004  0.000000000000000E+000
   193.000000000000       7.200680835690305E-004  0.000000000000000E+000
   194.000000000000       7.163563924166128E-004  0.000000000000000E+000
   195.000000000000       7.126827698913994E-004  0.000000000000000E+000
   196.000000000000       7.090466333103209E-004  0.000000000000000E+000
   197.000000000000       7.054474118214360E-004  0.000000000000000E+000
   198.000000000000       7.018845461051661E-004  0.000000000000000E+000
   199.000000000000       6.983574880845371E-004  0.000000000000000E+000
   200.000000000000       6.948657006441145E-004  0.000000000000000E+000
   201.000000000000       6.914086573573278E-004  0.000000000000000E+000
   202.000000000000       6.879858422218955E-004  0.000000000000000E+000
   203.000000000000       6.845967494030685E-004  0.000000000000000E+000
   204.000000000000       6.812408829844260E-004  0.000000000000000E+000
   205.000000000000       6.779177567259653E-004  0.000000000000000E+000
   206.000000000000       6.746268938292373E-004  0.000000000000000E+000
   207.000000000000       6.713678267092893E-004  0.000000000000000E+000
   208.000000000000       6.681400967731870E-004  0.000000000000000E+000
   209.000000000000       6.649432542048942E-004  0.000000000000000E+000
   210.000000000000       6.617768577562995E-004  0.000000000000000E+000
   211.000000000000       6.586404745441843E-004  0.000000000000000E+000
   212.000000000000       6.555336798529382E-004  0.000000000000000E+000
   213.000000000000       6.524560569428305E-004  0.000000000000000E+000
   214.000000000000       6.494071968636584E-004  0.000000000000000E+000
   215.000000000000       6.463866982735949E-004  0.000000000000000E+000
   216.000000000000       6.433941672630690E-004  0.000000000000000E+000
   217.000000000000       6.404292171835156E-004  0.000000000000000E+000
   218.000000000000       6.374914684808390E-004  0.000000000000000E+000
   219.000000000000       6.345805485334379E-004  0.000000000000000E+000
   220.000000000000       6.316960914946495E-004  0.000000000000000E+000
   221.000000000000       6.288377381394700E-004  0.000000000000000E+000
   222.000000000000       6.260051357154184E-004  0.000000000000000E+000
   223.000000000000       6.231979377974120E-004  0.000000000000000E+000
   224.000000000000       6.204158041465308E-004  0.000000000000000E+000
   225.000000000000       6.176584005725461E-004  0.000000000000000E+000
   226.000000000000       6.149253988001013E-004  0.000000000000000E+000
   227.000000000000       6.122164763384269E-004  0.000000000000000E+000
   228.000000000000       6.095313163544864E-004  0.000000000000000E+000
   229.000000000000       6.068696075494449E-004  0.000000000000000E+000
   230.000000000000       6.042310440383604E-004  0.000000000000000E+000
   231.000000000000       6.016153252329995E-004  0.000000000000000E+000
   232.000000000000       5.990221557276849E-004  0.000000000000000E+000
   233.000000000000       5.964512451880811E-004  0.000000000000000E+000
   234.000000000000       5.939023082428328E-004  0.000000000000000E+000
   235.000000000000       5.913750643779697E-004  0.000000000000000E+000
   236.000000000000       5.888692378339953E-004  0.000000000000000E+000
   237.000000000000       5.863845575055819E-004  0.000000000000000E+000
   238.000000000000       5.839207568437936E-004  0.000000000000000E+000
   239.000000000000       5.814775737607652E-004  0.000000000000000E+000
   240.000000000000       5.790547505367620E-004  0.000000000000000E+000
   241.000000000000       5.766520337295556E-004  0.000000000000000E+000
   242.000000000000       5.742691740860450E-004  0.000000000000000E+000
   243.000000000000       5.719059264560613E-004  0.000000000000000E+000
   244.000000000000       5.695620497082906E-004  0.000000000000000E+000
   245.000000000000       5.672373066482566E-004  0.000000000000000E+000
   246.000000000000       5.649314639383044E-004  0.000000000000000E+000
   247.000000000000       5.626442920195259E-004  0.000000000000000E+000
   248.000000000000       5.603755650355762E-004  0.000000000000000E+000
   249.000000000000       5.581250607583248E-004  0.000000000000000E+000
   250.000000000000       5.558925605152916E-004  0.000000000000000E+000
   251.000000000000       5.536778491188163E-004  0.000000000000000E+000
   252.000000000000       5.514807147969162E-004  0.000000000000000E+000
   253.000000000000       5.493009491257822E-004  0.000000000000000E+000
   254.000000000000       5.471383469638696E-004  0.000000000000000E+000
   255.000000000000       5.449927063875408E-004  0.000000000000000E+000
   256.000000000000       5.428638286282144E-004  0.000000000000000E+000
   257.000000000000       5.407515180109841E-004  0.000000000000000E+000
   258.000000000000       5.386555818946624E-004  0.000000000000000E+000
   259.000000000000       5.365758306132158E-004  0.000000000000000E+000
   260.000000000000       5.345120774185496E-004  0.000000000000000E+000
   261.000000000000       5.324641384246088E-004  0.000000000000000E+000
   262.000000000000       5.304318325527591E-004  0.000000000000000E+000
   263.000000000000       5.284149814784140E-004  0.000000000000000E+000
   264.000000000000       5.264134095788746E-004  0.000000000000000E+000
   265.000000000000       5.244269438823506E-004  0.000000000000000E+000
   266.000000000000       5.224554140181312E-004  0.000000000000000E+000
   267.000000000000       5.204986521678760E-004  0.000000000000000E+000
   268.000000000000       5.185564930179959E-004  0.000000000000000E+000
   269.000000000000       5.166287737130963E-004  0.000000000000000E+000
   270.000000000000       5.147153338104552E-004  0.000000000000000E+000
   271.000000000000       5.128160152355088E-004  0.000000000000000E+000
   272.000000000000       5.109306622383195E-004  0.000000000000000E+000
   273.000000000000       5.090591213509996E-004  0.000000000000000E+000
   274.000000000000       5.072012413460690E-004  0.000000000000000E+000
   275.000000000000       5.053568731957196E-004  0.000000000000000E+000
   276.000000000000       5.035258700319670E-004  0.000000000000000E+000
   277.000000000000       5.017080871076639E-004  0.000000000000000E+000
   278.000000000000       4.999033817583557E-004  0.000000000000000E+000
   279.000000000000       4.981116133649566E-004  0.000000000000000E+000
   280.000000000000       4.963326433172246E-004  0.000000000000000E+000
   281.000000000000       4.945663349780174E-004  0.000000000000000E+000
   282.000000000000       4.928125536483081E-004  0.000000000000000E+000
   283.000000000000       4.910711665329431E-004  0.000000000000000E+000
   284.000000000000       4.893420427071228E-004  0.000000000000000E+000
   285.000000000000       4.876250530835891E-004  0.000000000000000E+000
   286.000000000000       4.859200703804996E-004  0.000000000000000E+000
   287.000000000000       4.842269690899752E-004  0.000000000000000E+000
   288.000000000000       4.825456254473017E-004  0.000000000000000E+000
   289.000000000000       4.808759174007713E-004  0.000000000000000E+000
   290.000000000000       4.792177245821479E-004  0.000000000000000E+000
   291.000000000000       4.775709282777419E-004  0.000000000000000E+000
   292.000000000000       4.759354114000784E-004  0.000000000000000E+000
   293.000000000000       4.743110584601464E-004  0.000000000000000E+000
   294.000000000000       4.726977555402139E-004  0.000000000000000E+000
   295.000000000000       4.710953902671963E-004  0.000000000000000E+000
   296.000000000000       4.695038517865638E-004  0.000000000000000E+000
   297.000000000000       4.679230307367774E-004  0.000000000000000E+000
   298.000000000000       4.663528192242379E-004  0.000000000000000E+000
   299.000000000000       4.647931107987387E-004  0.000000000000000E+000
   300.000000000000       4.632438004294097E-004  0.000000000000000E+000
   301.000000000000       4.617047844811392E-004  0.000000000000000E+000
   302.000000000000       4.601759606914665E-004  0.000000000000000E+000
   303.000000000000       4.586572281479304E-004  0.000000000000000E+000
   304.000000000000       4.571484872658647E-004  0.000000000000000E+000
   305.000000000000       4.556496397666324E-004  0.000000000000000E+000
   306.000000000000       4.541605886562840E-004  0.000000000000000E+000
   307.000000000000       4.526812382046348E-004  0.000000000000000E+000
   308.000000000000       4.512114939247497E-004  0.000000000000000E+000
   309.000000000000       4.497512625528249E-004  0.000000000000000E+000
   310.000000000000       4.483004520284609E-004  0.000000000000000E+000
   311.000000000000       4.468589714753148E-004  0.000000000000000E+000
   312.000000000000       4.454267311821246E-004  0.000000000000000E+000
