  0.000000000000000E+000  -1.77584075856724       3.027704001114285E-017
  7.812500000000000E-003  -1.77587070084083      -2.851502216058045E-003
  1.562500000000000E-002  -1.77576378785456      -5.233416901919342E-003
  2.343750000000000E-002  -1.77690883791276      -7.935106858631890E-003
  3.125000000000000E-002  -1.77799598594282      -1.095237068458845E-002
  3.906250000000000E-002  -1.78153934858773      -1.652722553799259E-002
  4.687500000000000E-002  -1.77034739929138      -2.046980259809030E-002
  5.468750000000000E-002  -1.77449836191556      -1.949515238480492E-002
  6.250000000000000E-002  -1.77480989538339      -2.391703779471360E-002
  7.031250000000000E-002  -1.77361449912673      -2.493386401505791E-002
  7.812500000000000E-002  -1.77437380789324      -2.592760820912517E-002
  8.593750000000000E-002  -1.77705985444622      -2.714692704646285E-002
  9.375000000000000E-002  -1.78010360431659      -3.243252603717032E-002
  0.101562500000000       -1.77699136487969      -3.569388512914237E-002
  0.109375000000000       -1.77715588310499      -3.677321698434374E-002
  0.117187500000000       -1.77470615181905      -3.867873438083003E-002
  0.125000000000000       -1.77340057789633      -3.635239242738875E-002
  0.132812500000000       -1.77718178927534      -3.228580566206350E-002
  0.140625000000000       -1.78270104636881      -3.070023364511655E-002
  0.148437500000000       -1.79023463553486      -3.225696538802972E-002
  0.156250000000000       -1.79595567759182      -3.533224736769126E-002
  0.164062500000000       -1.80061165523497      -3.917256873210431E-002
  0.171875000000000       -1.80466544433482      -4.202110787728867E-002
  0.179687500000000       -1.80966348873097      -4.496308823158816E-002
  0.187500000000000       -1.81380241027265      -4.751229325626263E-002
  0.195312500000000       -1.82032380454904      -4.766109029638513E-002
  0.203125000000000       -1.83116560549894      -5.427479612801008E-002
  0.210937500000000       -1.83793505842250      -6.294168376622745E-002
  0.218750000000000       -1.84072433744935      -7.363002032098798E-002
  0.226562500000000       -1.84076876997082      -7.916502869843410E-002
  0.234375000000000       -1.84264625744398      -8.147127413804188E-002
  0.242187500000000       -1.84985789563257      -8.530155212678552E-002
  0.250000000000000       -1.85494753951196      -9.195850773227064E-002
  0.257812500000000       -1.85831162795225      -9.761452855832506E-002
  0.265625000000000       -1.86479278614280      -0.103498753848319     
  0.273437500000000       -1.86936399894767      -0.111640000163394     
  0.281250000000000       -1.86886332432511      -0.117645792333588     
  0.289062500000000       -1.87641933485157      -0.120314517641693     
  0.296875000000000       -1.88353825414237      -0.126529615557071     
  0.304687500000000       -1.89076551371004      -0.134292968547197     
  0.312500000000000       -1.89658221182083      -0.142719252786636     
  0.320312500000000       -1.90289761213671      -0.151118703924194     
  0.328125000000000       -1.91030816655354      -0.160249303151964     
  0.335937500000000       -1.91734201108479      -0.174376786279799     
  0.343750000000000       -1.91959425105859      -0.188638475519493     
  0.351562500000000       -1.91803490389068      -0.201782679185639     
  0.359375000000000       -1.91349375102597      -0.205968949592180     
  0.367187500000000       -1.91917495649819      -0.210152638543976     
  0.375000000000000       -1.92574989582877      -0.217797227757856     
  0.382812500000000       -1.93202803385306      -0.228423293433575     
  0.390625000000000       -1.93493015531848      -0.237031419959141     
  0.398437500000000       -1.94214709441948      -0.245462628765001     
  0.406250000000000       -1.95099987201521      -0.256252634124406     
  0.414062500000000       -1.96143376628058      -0.269813158338967     
  0.421875000000000       -1.97014898555894      -0.289136097099549     
  0.429687500000000       -1.97693946695672      -0.310485387075981     
  0.437500000000000       -1.98105146058616      -0.335889840219950     
  0.445312500000000       -1.97623815833403      -0.365064201469321     
  0.453125000000000       -1.97029511018174      -0.386045464659438     
  0.460937500000000       -1.96369343266412      -0.411755703036007     
  0.468750000000000       -1.95023737280254      -0.441390551702160     
  0.476562500000000       -1.91943740704887      -0.471073892617697     
  0.484375000000000       -1.88847926500317      -0.470629366642823     
  0.492187500000000       -1.86861614485975      -0.474335323727155     
  0.500000000000000       -1.84630215360594      -0.478839330114782     
  0.507812500000000       -1.81676863403575      -0.477316924527889     
  0.515625000000000       -1.79618332939434      -0.451364179459341     
  0.523437500000000       -1.79466917029313      -0.435860919875771     
  0.531250000000000       -1.79433449397095      -0.426149627954454     
  0.539062500000000       -1.79413353626008      -0.418518657189883     
  0.546875000000000       -1.79482887484455      -0.410242277308680     
  0.554687500000000       -1.79949683510739      -0.405045843496099     
  0.562500000000000       -1.80270546413334      -0.402164681273599     
  0.570312500000000       -1.80477915989429      -0.399357417881962     
  0.578125000000000       -1.80604455341972      -0.394981938655086     
  0.585937500000000       -1.81031911821939      -0.384348167629603     
  0.593750000000000       -1.82304183394912      -0.379764288294657     
  0.601562500000000       -1.83474366335758      -0.378745097381466     
  0.609375000000000       -1.84639618115314      -0.378919559338778     
  0.617187500000000       -1.85958340824222      -0.379465163287230     
  0.625000000000000       -1.88030007836992      -0.384558055535373     
  0.632812500000000       -1.89279507726147      -0.400958252385574     
  0.640625000000000       -1.89908463052934      -0.416855459602305     
  0.648437500000000       -1.90036850088441      -0.431742206716118     
  0.656250000000000       -1.89618955099323      -0.443522673378952     
  0.664062500000000       -1.88584766148154      -0.445130700930135     
  0.671875000000000       -1.89399851526736      -0.437703283996376     
  0.679687500000000       -1.90392428432941      -0.439628633457884     
  0.687500000000000       -1.91322796510284      -0.444108567544114     
  0.695312500000000       -1.92186600473434      -0.449609736082081     
  0.703125000000000       -1.93036258523144      -0.455014716814753     
  0.710937500000000       -1.94009982878470      -0.462038172652224     
  0.718750000000000       -1.94766918499928      -0.469123225512088     
  0.726562500000000       -1.95548161687858      -0.474759753240531     
  0.734375000000000       -1.96462341643304      -0.479225842539536     
  0.742187500000000       -1.97601677115307      -0.482606577601107     
  0.750000000000000       -1.99212555249249      -0.484368699599378     
  0.757812500000000       -2.01954165846114      -0.496750566549052     
  0.765625000000000       -2.03687368119672      -0.517912690802017     
  0.773437500000000       -2.04968969959657      -0.540147566027864     
  0.781250000000000       -2.05842760582244      -0.563418438368659     
  0.789062500000000       -2.06167944108451      -0.586954549104465     
  0.796875000000000       -2.05559314425337      -0.607181024054305     
  0.804687500000000       -2.04997786232846      -0.600725089467801     
  0.812500000000000       -2.06863342784415      -0.602044204461204     
  0.820312500000000       -2.08944326883936      -0.611532676600482     
  0.828125000000000       -2.11116625006577      -0.625763980147934     
  0.835937500000000       -2.13413784083611      -0.643796359312119     
  0.843750000000000       -2.15977404727886      -0.666532839520904     
  0.851562500000000       -2.18778871592222      -0.705182939369765     
  0.859375000000000       -2.19413599456953      -0.742927806692206     
  0.867187500000000       -2.20168066262817      -0.774543885757893     
  0.875000000000000       -2.21074164029341      -0.805178940218741     
  0.882812500000000       -2.22172739237438      -0.836585326888510     
  0.890625000000000       -2.23553369836625      -0.870401901073811     
  0.898437500000000       -2.25434910298994      -0.910006769278854     
  0.906250000000000       -2.27177327455901      -0.974945043544399     
  0.914062500000000       -2.26200248806725       -1.03708846338461     
  0.921875000000000       -2.24645798696673       -1.09406830736575     
  0.929687500000000       -2.22502908425697       -1.14937522131836     
  0.937500000000000       -2.19594383763457       -1.20342863344023     
  0.945312500000000       -2.15628347487871       -1.25452379088535     
  0.953125000000000       -2.10158159622858       -1.29678957805971     
  0.960937500000000       -2.03784628812960       -1.29970008820596     
  0.968750000000000       -2.01356232983663       -1.29948170917944     
  0.976562500000000       -1.99365590999476       -1.30903610101533     
  0.984375000000000       -1.97441487610508       -1.32264985037495     
  0.992187500000000       -1.95464484797318       -1.33810941044370     
   1.00000000000000       -1.93382546337378       -1.35382502019550     
   1.00781250000000       -1.91191970597364       -1.36791981595749     
   1.01562500000000       -1.89032810102428       -1.37562263155106     
   1.02343750000000       -1.88635464376046       -1.38631046215172     
   1.03125000000000       -1.87902370104361       -1.40944377971860     
   1.03906250000000       -1.86763320243909       -1.43797147488328     
   1.04687500000000       -1.85163552304511       -1.47053016555877     
   1.05468750000000       -1.83008231808596       -1.50634393192711     
   1.06250000000000       -1.80154011900268       -1.54465421762483     
   1.07031250000000       -1.76371612159056       -1.58429293384354     
   1.07812500000000       -1.70980599368195       -1.62095967768406     
   1.08593750000000       -1.65383641584337       -1.63927235508565     
   1.09375000000000       -1.59911915907029       -1.65421441164516     
   1.10156250000000       -1.54174433067860       -1.66533729299553     
   1.10937500000000       -1.48021550223088       -1.67106079355731     
   1.11718750000000       -1.41375545770117       -1.66886528879722     
   1.12500000000000       -1.34227826894033       -1.65488967352122     
   1.13281250000000       -1.26677181318722       -1.62262182566334     
   1.14062500000000       -1.19005000488598       -1.55235257457300     
   1.14843750000000       -1.19315316355126       -1.46646854800244     
   1.15625000000000       -1.20310216746467       -1.42060521245033     
   1.16406250000000       -1.21318304353142       -1.38872115864198     
   1.17187500000000       -1.22301666704235       -1.36548643267195     
   1.17968750000000       -1.23268828875524       -1.34856376291323     
   1.18750000000000       -1.24252940150776       -1.33689719177519     
   1.19531250000000       -1.25319613343348       -1.33042515939409     
   1.20312500000000       -1.26621014098503       -1.33096715896368     
   1.21093750000000       -1.27514979699234       -1.35398818252961     
   1.21875000000000       -1.25853151471357       -1.37166045892757     
   1.22656250000000       -1.23739781674249       -1.38169434451665     
   1.23437500000000       -1.21299820362861       -1.38678394067138     
   1.24218750000000       -1.18577632603226       -1.38722282222992     
   1.25000000000000       -1.15604560595374       -1.38249385816855     
   1.25781250000000       -1.12420218819271       -1.37143748728584     
   1.26562500000000       -1.09094329228348       -1.35197942772291     
   1.27343750000000       -1.05776602560772       -1.31972510967813     
   1.28125000000000       -1.04510198991033       -1.26179212967158     
   1.28906250000000       -1.05869386866484       -1.22737881342952     
   1.29687500000000       -1.07059600601720       -1.20356748365889     
   1.30468750000000       -1.08161327828666       -1.18475374597787     
   1.31250000000000       -1.09219581773508       -1.16900693233639     
   1.32031250000000       -1.10271216843267       -1.15539312192984     
   1.32812500000000       -1.11349974759074       -1.14346955857315     
   1.33593750000000       -1.12476916581393       -1.13321185454691     
   1.34375000000000       -1.13573181002175       -1.12485203678294     
   1.35156250000000       -1.14540167405074       -1.11198463612135     
   1.35937500000000       -1.16775227030785       -1.10657632447550     
   1.36718750000000       -1.18406372890983       -1.10747263169206     
   1.37500000000000       -1.19795933120818       -1.10997473595448     
   1.38281250000000       -1.21039159718556       -1.11348031802175     
   1.39062500000000       -1.22188249889792       -1.11773217785153     
   1.39843750000000       -1.23283131577874       -1.12260059485395     
   1.40625000000000       -1.24363794473160       -1.12803691300803     
   1.41406250000000       -1.25482664473087       -1.13409226663296     
   1.42187500000000       -1.26733620647223       -1.14106502479926     
   1.42968750000000       -1.28456032157079       -1.15095930971598     
   1.43750000000000       -1.29462234971270       -1.17300177237245     
   1.44531250000000       -1.29884435505260       -1.19172195744667     
   1.45312500000000       -1.30062424065196       -1.20941828042038     
   1.46093750000000       -1.30040597418221       -1.22639815032592     
   1.46875000000000       -1.29833595365777       -1.24257795480344     
   1.47656250000000       -1.29453905006605       -1.25760167153209     
   1.48437500000000       -1.28933559825188       -1.27085435873076     
   1.49218750000000       -1.28354565649891       -1.28154213727799     
   1.50000000000000       -1.27890827099416       -1.28899835072003     
   1.50781250000000       -1.27882550808062       -1.29333247135980     
   1.51562500000000       -1.28927636995018       -1.30453783299488     
   1.52343750000000       -1.29274709669679       -1.32453902913182     
   1.53125000000000       -1.29219655979733       -1.34558491640858     
   1.53906250000000       -1.28867768811701       -1.36728787790400     
   1.54687500000000       -1.28242751535460       -1.38941365606994     
   1.55468750000000       -1.27341635140042       -1.41172274148110     
   1.56250000000000       -1.26147150551516       -1.43390130415141     
   1.57031250000000       -1.24631873438863       -1.45549244907857     
   1.57812500000000       -1.22759465512965       -1.47578592802176     
   1.58593750000000       -1.20482610831832       -1.49356669232566     
   1.59375000000000       -1.17720271826527       -1.50610272800032     
   1.60156250000000       -1.15416967041132       -1.50418436698059     
   1.60937500000000       -1.14079207655150       -1.50804479788800     
   1.61718750000000       -1.12704941040596       -1.51481882186418     
   1.62500000000000       -1.11226003102202       -1.52273393540772     
   1.63281250000000       -1.09615360493814       -1.53094979960240     
   1.64062500000000       -1.07858336050331       -1.53886795567692     
   1.64843750000000       -1.05946458315705       -1.54594887862186     
   1.65625000000000       -1.03875979773857       -1.55162068505203     
   1.66406250000000       -1.01648103250686       -1.55519316143440     
   1.67187500000000      -0.992701285427111       -1.55570530733941     
   1.67968750000000      -0.967564827179766       -1.55145156355489     
   1.68750000000000      -0.942723373241839       -1.53455035237713     
   1.69531250000000      -0.939023063834019       -1.51933434282354     
   1.70312500000000      -0.935731572264695       -1.51246860068429     
   1.71093750000000      -0.932209926162718       -1.50909872869461     
   1.71875000000000      -0.928349974218563       -1.50792707509316     
   1.72656250000000      -0.924139074816209       -1.50833750017119     
   1.73437500000000      -0.919602518252921       -1.50999237518069     
   1.74218750000000      -0.914788708785557       -1.51271210006540     
   1.75000000000000      -0.909766629200807       -1.51643873629785     
   1.75781250000000      -0.904629987747394       -1.52124756517793     
   1.76562500000000      -0.899509904672243       -1.52742651342153     
   1.77343750000000      -0.894610282833634       -1.53577653265245     
   1.78125000000000      -0.890282308294575       -1.55064106017222     
   1.78906250000000      -0.871591402326512       -1.56620812184425     
   1.79687500000000      -0.852004788281491       -1.57576411496888     
   1.80468750000000      -0.831587556346942       -1.58262251441065     
   1.81250000000000      -0.810407052804867       -1.58728957614134     
   1.82031250000000      -0.788539256998057       -1.58986689046861     
   1.82812500000000      -0.766077433863905       -1.59028664447367     
   1.83593750000000      -0.743142078522594       -1.58836972924126     
   1.84375000000000      -0.719894469254757       -1.58383165957343     
   1.85156250000000      -0.696558276440495       -1.57625348292014     
   1.85937500000000      -0.673460305945936       -1.56499684076211     
   1.86718750000000      -0.651126876116021       -1.54896359627478     
   1.87500000000000      -0.630625867844144       -1.52563359466863     
   1.88281250000000      -0.625945903022417       -1.48725632467081     
   1.89062500000000      -0.638341762297556       -1.46890915962196     
   1.89843750000000      -0.647999452477008       -1.45892798402804     
   1.90625000000000      -0.656218675242618       -1.45323359529686     
   1.91406250000000      -0.663517690895708       -1.45052135268587     
   1.92187500000000      -0.670210329132356       -1.45021095563577     
   1.92968750000000      -0.676526532363378       -1.45205043525020     
   1.93750000000000      -0.682658562016947       -1.45599376903975     
   1.94531250000000      -0.688786498246559       -1.46217018807975     
   1.95312500000000      -0.695099036694385       -1.47091014550223     
   1.96093750000000      -0.701819740563917       -1.48284573683371     
   1.96875000000000      -0.709256302060003       -1.49918776403355     
   1.97656250000000      -0.717936437136743       -1.52267030107549     
   1.98437500000000      -0.728930583509536       -1.56728585987878     
   1.99218750000000      -0.694958304185475       -1.61514700196352     
   2.00000000000000      -0.657647005965520       -1.64455971659747     
   2.00781250000000      -0.617738824432471       -1.66589053579648     
   2.01562500000000      -0.575526517531067       -1.68091044876992     
   2.02343750000000      -0.531279542827348       -1.69012474178815     
   2.03125000000000      -0.485310776845873       -1.69354835401286     
   2.03906250000000      -0.438014348967571       -1.69093144028299     
   2.04687500000000      -0.389900580449697       -1.68184402232773     
   2.05468750000000      -0.341637577994917       -1.66570443143537     
   2.06250000000000      -0.294110286134198       -1.64176776477493     
   2.07031250000000      -0.248521102160021       -1.60905322175184     
   2.07812500000000      -0.206606629193389       -1.56610988370062     
   2.08593750000000      -0.171304881053078       -1.51012610414759     
   2.09375000000000      -0.155104455459147       -1.42730603703513     
   2.10156250000000      -0.188408565580590       -1.37757693093198     
   2.10937500000000      -0.210579102260101       -1.34815680529038     
   2.11718750000000      -0.228388175480565       -1.32635046765080     
   2.12500000000000      -0.243471411181373       -1.30915668205214     
   2.13281250000000      -0.256615994991846       -1.29518656784232     
   2.14062500000000      -0.268286897252717       -1.28366049770765     
   2.14843750000000      -0.278790608530914       -1.27409846509393     
   2.15625000000000      -0.288343594200792       -1.26619369844411     
   2.16406250000000      -0.297105949976603       -1.25975424561927     
   2.17187500000000      -0.305199543154992       -1.25467701613251     
   2.17968750000000      -0.312717898554388       -1.25094375193045     
   2.18750000000000      -0.319730166618113       -1.24864351309708     
   2.19531250000000      -0.326276813066090       -1.24805728537206     
   2.20312500000000      -0.332333841773676       -1.25001911735305     
   2.21093750000000      -0.333763790290032       -1.25779546492202     
   2.21875000000000      -0.328670535808276       -1.26031703413211     
   2.22656250000000      -0.323603932011092       -1.26022265641908     
   2.23437500000000      -0.318488672188099       -1.25870575128389     
   2.24218750000000      -0.313338464175273       -1.25614614851055     
   2.25000000000000      -0.308188258959060       -1.25271628340349     
   2.25781250000000      -0.303083290939839       -1.24850097392287     
   2.26562500000000      -0.298076961597182       -1.24353742726549     
   2.27343750000000      -0.293231677271906       -1.23783104078386     
   2.28125000000000      -0.288621662211922       -1.23136073439744     
   2.28906250000000      -0.284338278170069       -1.22407745118444     
   2.29687500000000      -0.280499889356192       -1.21589496039811     
   2.30468750000000      -0.277271811231747       -1.20666649859342     
   2.31250000000000      -0.274913684976266       -1.19612445713959     
   2.32031250000000      -0.273930077843730       -1.18367994739012     
   2.32812500000000      -0.276221985133944       -1.16682129812780     
   2.33593750000000      -0.290816393329129       -1.15662061391886     
   2.34375000000000      -0.301555026078201       -1.15304592690961     
   2.35156250000000      -0.310557764537801       -1.15164840321297     
   2.35937500000000      -0.318376154140953       -1.15168958343932     
   2.36718750000000      -0.325270289063356       -1.15284604960500     
   2.37500000000000      -0.331390051879588       -1.15495006950611     
   2.38281250000000      -0.336829231015361       -1.15791371359719     
   2.39062500000000      -0.341647127986481       -1.16169975169730     
   2.39843750000000      -0.345878063579974       -1.16631019037201     
   2.40625000000000      -0.349534867049849       -1.17178410156766     
   2.41406250000000      -0.352608040549999       -1.17820299816638     
   2.42187500000000      -0.355059891410378       -1.18570616046751     
   2.42968750000000      -0.356809599251724       -1.19452498855877     
   2.43750000000000      -0.357695703539954       -1.20506520791919     
   2.44531250000000      -0.357359730319055       -1.21815431581108     
   2.45312500000000      -0.354574657858295       -1.23642486504158     
   2.46093750000000      -0.335528279101566       -1.25482916515538     
   2.46875000000000      -0.316708984588964       -1.26166981926895     
   2.47656250000000      -0.299205482670429       -1.26496657867498     
   2.48437500000000      -0.282505087795622       -1.26587123785695     
   2.49218750000000      -0.266431961341360       -1.26485584737304     
   2.50000000000000      -0.250923356359472       -1.26216658754856     
   2.53125000000000      -0.194854809995545       -1.23673681900732     
   2.56250000000000      -0.152545601121385       -1.18843504417310     
   2.59375000000000      -0.156372088093437       -1.11461920945306     
   2.62500000000000      -0.186647494181170       -1.09843990842108     
   2.65625000000000      -0.201954734475716       -1.09594324497814     
   2.68750000000000      -0.210125344333009       -1.10157716334290     
   2.71875000000000      -0.202673244684873       -1.11877144879156     
   2.75000000000000      -0.189612968229856       -1.10849720923795     
   2.78125000000000      -0.185624928414472       -1.10935883558838     
   2.81250000000000      -0.179708956131005       -1.11386204585401     
   2.84375000000000      -0.171923367074144       -1.12289255332418     
   2.87500000000000      -0.157223145087366       -1.14533908497853     
   2.90625000000000      -0.115963161042468       -1.15256537641498     
   2.93750000000000      -7.877034530044884E-002  -1.14628499337455     
   2.96875000000000      -4.453786208140122E-002  -1.13241660471282     
   3.00000000000000      -1.414798858045899E-002  -1.11283483176825     
   3.03125000000000       1.108788390167235E-002  -1.09181960651775     
   3.06250000000000       4.004263081456948E-002  -1.06711370734170     
   3.09375000000000       6.566983667538641E-002  -1.03339943959958     
   3.12500000000000       8.489891554924058E-002 -0.991249401531930     
   3.15625000000000       9.362843451777692E-002 -0.939622907032349     
   3.18750000000000       7.806018886579025E-002 -0.871107574759028     
   3.21875000000000       1.934050585106969E-002 -0.853009649930223     
   3.25000000000000      -1.338387375032826E-002 -0.855570339558954     
   3.28125000000000      -3.570584290993660E-002 -0.865168135734834     
   3.31250000000000      -5.009044651647742E-002 -0.880497956589746     
   3.34375000000000      -5.539747879406241E-002 -0.903095855561014     
   3.37500000000000      -3.312962698294949E-002 -0.923982583861442     
   3.40625000000000      -1.379667676927496E-002 -0.921729316497345     
   3.43750000000000       2.212146073354193E-004 -0.915078934068987     
   3.46875000000000       1.070330801531752E-002 -0.905853951908563     
   3.50000000000000       1.757108001636190E-002 -0.894519159690778     
   3.53125000000000       1.828087466533055E-002 -0.880392642896404     
   3.56250000000000       8.326014396811786E-003 -0.878483717164037     
   3.59375000000000       6.536581805018686E-003 -0.882939249727668     
   3.62500000000000       8.277929667631675E-003 -0.889044525199205     
   3.65625000000000       1.286840062691417E-002 -0.896746797474094     
   3.68750000000000       2.066412310051032E-002 -0.906621215514645     
   3.71875000000000       3.444125707442494E-002 -0.921221275961044     
   3.75000000000000       6.472339000741707E-002 -0.925043304822344     
   3.78125000000000       8.866471267080417E-002 -0.918945507018093     
   3.81250000000000       0.109733750364411      -0.909507251962148     
   3.84375000000000       0.128565148290456      -0.897521019268299     
   3.87500000000000       0.145150891556523      -0.883260001328507     
   3.90625000000000       0.158862529242031      -0.866570342910242     
   3.93750000000000       0.165745877690404      -0.850477668179189     
   3.96875000000000       0.173249075506173      -0.838563060959436     
   4.00000000000000       0.181194879044104      -0.826912498583676     
   4.03125000000000       0.189078306954847      -0.815219879923082     
   4.06250000000000       0.196731249077345      -0.803439936024989     
   4.09375000000000       0.204146298308243      -0.791663320254161     
   4.12500000000000       0.211937351609792      -0.780460779256627     
   4.15625000000000       0.220859226373046      -0.766502978760512     
   4.18750000000000       0.227901755774408      -0.751233035381255     
   4.21875000000000       0.233451305652928      -0.735112809288036     
   4.25000000000000       0.237366441516968      -0.718207610034330     
   4.28125000000000       0.239276080825007      -0.700480135586514     
   4.31250000000000       0.238316724419594      -0.681734103124083     
   4.34375000000000       0.229371611209844      -0.661790783942906     
   4.37500000000000       0.218790308185737      -0.655363970081205     
   4.40625000000000       0.213101021959066      -0.650447748462048     
   4.43750000000000       0.209467891883871      -0.646104350250422     
   4.46875000000000       0.207155720664472      -0.642100803231006     
   4.50000000000000       0.205836537947747      -0.638336138649190     
   4.53125000000000       0.205379166647485      -0.634760388771528     
   4.56250000000000       0.205950720994305      -0.631333888663662     
   4.59375000000000       0.207259598246838      -0.626576623826224     
   4.62500000000000       0.207901642900532      -0.621843703212754     
   4.65625000000000       0.208509709498019      -0.617328559614454     
   4.68750000000000       0.209151410577130      -0.613015975188145     
   4.71875000000000       0.209829849727834      -0.608915176812532     
   4.75000000000000       0.210513986533102      -0.605059902271255     
   4.78125000000000       0.211109227330857      -0.601537657198088     
   4.81250000000000       0.211273581074568      -0.599112665340534     
   4.84375000000000       0.213271048714570      -0.597754870427958     
   4.87500000000000       0.216136365889928      -0.596076320252450     
   4.90625000000000       0.219616639760450      -0.594294264835433     
   4.93750000000000       0.223701573590474      -0.592512602464182     
   4.96875000000000       0.228489558211868      -0.590830864801129     
   5.00000000000000       0.234229906881150      -0.589388255270289     
   5.03125000000000       0.241567722374401      -0.588465377801075     
   5.06250000000000       0.254755359964872      -0.587586923228057     
   5.09375000000000       0.267576861090142      -0.577350821676839     
   5.12500000000000       0.276943569759204      -0.565675287816267     
   5.15625000000000       0.284342557710180      -0.553173926868363     
   5.18750000000000       0.290144672427804      -0.540045496203222     
   5.21875000000000       0.294460274795948      -0.526394794258055     
   5.25000000000000       0.297252250404658      -0.512282818027453     
   5.28125000000000       0.298298465979115      -0.497731311135187     
   5.31250000000000       0.296733326173732      -0.482642489089968     
   5.34375000000000       0.291402623923272      -0.471672196389405     
   5.37500000000000       0.288513699649592      -0.462549292842361     
   5.40625000000000       0.286077968041451      -0.453458109497403     
   5.43750000000000       0.283601704540130      -0.444323052664228     
   5.46875000000000       0.280818730708460      -0.435117456024090     
   5.50000000000000       0.277504593396748      -0.425826375639456     
   5.53125000000000       0.273386699367548      -0.416431042891327     
   5.56250000000000       0.267983247309593      -0.406883011864757     
   5.59375000000000       0.259473277475346      -0.396907867123890     
   5.62500000000000       0.248584785756172      -0.394698934928530     
   5.65625000000000       0.241943524470316      -0.393744138097622     
   5.68750000000000       0.236900305919254      -0.393076598383195     
   5.71875000000000       0.232951632277060      -0.392615138376461     
   5.75000000000000       0.229889914040017      -0.392333429220869     
   5.78125000000000       0.227634849434438      -0.392230469325614     
   5.81250000000000       0.226202929523729      -0.392327839384214     
   5.84375000000000       0.225752405451151      -0.392685313559513     
   5.87500000000000       0.226914588525210      -0.393496590215995     
   5.90625000000000       0.231582109934478      -0.391403044949506     
   5.93750000000000       0.233818205821994      -0.386690407711217     
   5.96875000000000       0.234967399240748      -0.381659879241163     
   6.00000000000000       0.235409234250043      -0.376435814012754     
   6.03125000000000       0.235264993247625      -0.371069572203437     
   6.06250000000000       0.234561633041986      -0.365587778745646     
   6.09375000000000       0.233261671752844      -0.360003429447644     
   6.12500000000000       0.231247333052778      -0.354316758976765     
   6.15625000000000       0.228224658441507      -0.348503907078531     
   6.18750000000000       0.222939099397215      -0.342406025239631     
   6.21875000000000       0.215983395738927      -0.341830544191308     
   6.25000000000000       0.212095712222362      -0.342082224074572     
   6.28125000000000       0.209344232462834      -0.342485463385779     
   6.31250000000000       0.207378621457033      -0.343002270508688     
   6.34375000000000       0.206062213666906      -0.343625456096575     
   6.37500000000000       0.205347846452694      -0.344361998456392     
   6.40625000000000       0.205251177732884      -0.345231145191510     
   6.43750000000000       0.205862106853207      -0.346269831957446     
   6.46875000000000       0.207416985199680      -0.347553272700573     
   6.50000000000000       0.210718956527809      -0.349306154986778     
   6.53125000000000       0.217671200135392      -0.347425547797163     
   6.56250000000000       0.221710448159503      -0.342882864470494     
   6.59375000000000       0.224511201007671      -0.337987156061009     
   6.62500000000000       0.226500924369274      -0.332866174269362     
   6.65625000000000       0.227838245425262      -0.327575771655140     
   6.68750000000000       0.228588155073093      -0.322147162627700     
   6.71875000000000       0.228762876106421      -0.316598994706830     
   6.75000000000000       0.228328219678950      -0.310940906573116     
   6.78125000000000       0.227184299364409      -0.305172279437688     
   6.81250000000000       0.225079892117191      -0.299271048492253     
   6.84375000000000       0.220839946707808      -0.293079138170313     
   6.87500000000000       0.215461430879044      -0.291643677915268     
   6.90625000000000       0.212333675389278      -0.290665112554313     
   6.93750000000000       0.209993346657848      -0.289802492524347     
   6.96875000000000       0.208159185755783      -0.289015592409498     
   7.00000000000000       0.206707691736703      -0.288288258048444     
   7.03125000000000       0.205575434762375      -0.287613577768568     
   7.06250000000000       0.204731260486608      -0.286989861118867     
   7.09375000000000       0.204167818163800      -0.286419697941536     
   7.12500000000000       0.203904003500526      -0.285911025541254     
   7.15625000000000       0.204006165703071      -0.285482218448542     
   7.18750000000000       0.204714868342918      -0.285190418992028     
   7.21875000000000       0.206567808994562      -0.283777356872714     
   7.25000000000000       0.207574785730979      -0.281592340352181     
   7.28125000000000       0.208270894767433      -0.279329592168909     
   7.31250000000000       0.208792878225450      -0.277023433940713     
   7.34375000000000       0.209196573349622      -0.274689651871678     
   7.37500000000000       0.209512507000232      -0.272338184143158     
   7.40625000000000       0.209760606049993      -0.269976646331058     
   7.43750000000000       0.209956304545872      -0.267611947512883     
   7.46875000000000       0.210114393535231      -0.265251521732527     
   7.50000000000000       0.210253501172804      -0.262905074368245     
   7.53125000000000       0.210406739270581      -0.260589069470889     
   7.56250000000000       0.210687456255037      -0.258354190493514     
   7.59375000000000       0.211269084347992      -0.255656943090813     
   7.62500000000000       0.211492866657191      -0.252729076466537     
   7.65625000000000       0.211525108532494      -0.249736489728321     
   7.68750000000000       0.211396093056025      -0.246697327430401     
   7.71875000000000       0.211113907221107      -0.243620198053186     
   7.75000000000000       0.210676919990511      -0.240510030593954     
   7.78125000000000       0.210076357502348      -0.237369690611647     
   7.81250000000000       0.209295749424229      -0.234200462623277     
   7.84375000000000       0.208307719145446      -0.231001936791929     
   7.87500000000000       0.207065773895863      -0.227771147400879     
   7.90625000000000       0.205481196036450      -0.224499721579747     
   7.93750000000000       0.203324753645784      -0.221160961429970     
   7.96875000000000       0.199655476315746      -0.218763054024229     
   8.00000000000000       0.197061293941485      -0.217933999744084     
   8.03125000000000       0.195080193091295      -0.217187469019997     
   8.06250000000000       0.193441232310532      -0.216487155894047     
   8.09375000000000       0.192046207914464      -0.215820591454232     
   8.12500000000000       0.190845441965202      -0.215181959275328     
   8.15625000000000       0.189810925475799      -0.214568450997286     
   8.18750000000000       0.188927176123110      -0.213979077325776     
   8.21875000000000       0.188187903505436      -0.213414304507585     
   8.25000000000000       0.187595745647062      -0.212876175881710     
   8.28125000000000       0.187165338840103      -0.212369050095713     
   8.31250000000000       0.186934211891996      -0.211901900705165     
   8.34375000000000       0.187009868351354      -0.211497906042321     
   8.37500000000000       0.187930836633002      -0.210729161763537     
   8.40625000000000       0.188404653101977      -0.209051452053245     
   8.43750000000000       0.188556706281132      -0.207306586758742     
   8.46875000000000       0.188529260805421      -0.205525020983107     
   8.50000000000000       0.188368403028549      -0.203717587075943     
   8.53125000000000       0.188093956718268      -0.201889751272812     
   8.56250000000000       0.187713664431942      -0.200044599617036     
   8.59375000000000       0.187227615179433      -0.198183849326493     
   8.62500000000000       0.186629363711309      -0.196308224116198     
   8.65625000000000       0.185905040144086      -0.194417509093553     
   8.68750000000000       0.185029964416985      -0.192510302325280     
   8.71875000000000       0.183959810208451      -0.190583192357622     
   8.75000000000000       0.182603775018915      -0.188628094096439     
   8.78125000000000       0.180682589986982      -0.186617675361090     
   8.81250000000000       0.177743750104543      -0.186005064343099     
   8.84375000000000       0.175972558255575      -0.186166327184762     
   8.87500000000000       0.174669978614184      -0.186373841102959     
   8.90625000000000       0.173671331411880      -0.186611149804419     
   8.93750000000000       0.172910928082534      -0.186872029824312     
   8.96875000000000       0.172356181275529      -0.187153644767182     
   9.00000000000000       0.171990828950320      -0.187454828633211     
   9.03125000000000       0.171809058206085      -0.187775499928597     
   9.06250000000000       0.171813614647110      -0.188116490381060     
   9.09375000000000       0.172016247302874      -0.188479622331069     
   9.12500000000000       0.172440698245266      -0.188868066395098     
   9.15625000000000       0.173130547916710      -0.189287242646690     
   9.18750000000000       0.174170863821799      -0.189747267489448     
   9.21875000000000       0.175772885091978      -0.190272418628752     
   9.25000000000000       0.178998616772373      -0.190128987354006     
   9.28125000000000       0.181289593268107      -0.187994229661492     
   9.31250000000000       0.182838631005908      -0.185773211735687     
   9.34375000000000       0.183995272544323      -0.183506240324976     
   9.37500000000000       0.184873500293384      -0.181207121509442     
   9.40625000000000       0.185528767249719      -0.178882985080329     
   9.43750000000000       0.185991805836297      -0.176538137001799     
   9.46875000000000       0.186279927660006      -0.174175376579372     
   9.50000000000000       0.186401612179705      -0.171796557493853     
   9.53125000000000       0.186358280264178      -0.169402840362642     
   9.56250000000000       0.186144351589176      -0.166994774958807     
   9.59375000000000       0.185745519342871      -0.164572233483848     
   9.62500000000000       0.185133832314475      -0.162134108988669     
   9.65625000000000       0.184254132202322      -0.159677401582668     
   9.68750000000000       0.182973619414229      -0.157193682153315     
   9.71875000000000       0.180562927938138      -0.155032410147053     
   9.75000000000000       0.178667954174888      -0.154449641294057     
   9.78125000000000       0.177344566989628      -0.153908726951867     
   9.81250000000000       0.176289928893516      -0.153387544225654     
   9.84375000000000       0.175412820859963      -0.152879548866952     
   9.87500000000000       0.174668693667521      -0.152381623681527     
   9.90625000000000       0.174031708838342      -0.151892027699349     
   9.93750000000000       0.173485569945906      -0.151409728245262     
   9.96875000000000       0.173019651613299      -0.150934123290012     
   10.0000000000000       0.172627158197422      -0.150464914891844     
   10.0312500000000       0.172304257872153      -0.150002058182060     
   10.0625000000000       0.172049836296182      -0.149545763536989     
   10.0937500000000       0.171865864423972      -0.149096560072206     
   10.1250000000000       0.171758813504515      -0.148655475083449     
   10.1562500000000       0.171743924717636      -0.148224540236205     
   10.1875000000000       0.171862639162319      -0.147808805766691     
   10.2187500000000       0.172319079560482      -0.147247146171319     
   10.2500000000000       0.172600709216072      -0.146317154363299     
   10.2812500000000       0.172762906269991      -0.145372028894341     
   10.3125000000000       0.172869350609354      -0.144419362314656     
   10.3437500000000       0.172941365134656      -0.143461837668380     
   10.3750000000000       0.172989578453615      -0.142500876981111     
   10.4062500000000       0.173020226589921      -0.141537379597160     
   10.4375000000000       0.173037329583935      -0.140571982098653     
   10.4687500000000       0.173043652337047      -0.139605176513074     
   10.5000000000000       0.173041199567637      -0.138637374722074     
   10.5312500000000       0.173031504305920      -0.137668950450442     
   10.5625000000000       0.173015820650502      -0.136700273696394     
   10.5937500000000       0.172995281736055      -0.135731748625613     
   10.6250000000000       0.172971077933604      -0.134763870611795     
   10.6562500000000       0.172944757866685      -0.133797341107106     
   10.6875000000000       0.172919010529084      -0.132833386030900     
   10.7187500000000       0.172901598120991      -0.131875371884500     
   10.7500000000000       0.172917929786336      -0.130886696109380     
   10.7812500000000       0.172901582476225      -0.129865239439780     
   10.8125000000000       0.172864833144210      -0.128837213694827     
   10.8437500000000       0.172811365737171      -0.127804650504030     
   10.8750000000000       0.172742140857297      -0.126768439818722     
   10.9062500000000       0.172657086945036      -0.125729084215912     
   10.9375000000000       0.172555494436115      -0.124686896949194     
   10.9687500000000       0.172436111970631      -0.123642076655874     
   11.0000000000000       0.172297118523418      -0.122594739369624     
   11.0312500000000       0.172136005891799      -0.121544930672871     
   11.0625000000000       0.171949357119414      -0.120492625057868     
   11.0937500000000       0.171732464433172      -0.119437712887438     
   11.1250000000000       0.171478656817377      -0.118379969613247     
   11.1562500000000       0.171178031528290      -0.117318991522188     
   11.1875000000000       0.170814769316375      -0.116254053584282     
   11.2187500000000       0.170360282901793      -0.115183737741875     
   11.2500000000000       0.169748235523077      -0.114104552849318     
   11.2812500000000       0.168622957482698      -0.113195325967063     
   11.3125000000000       0.167802916358965      -0.113054160314124     
   11.3437500000000       0.167300474525056      -0.112930305630561     
   11.3750000000000       0.166968559803555      -0.112815377754603     
   11.4062500000000       0.166763609585368      -0.112706894387419     
   11.4375000000000       0.166665275061035      -0.112603690488902     
   11.4687500000000       0.166662811783622      -0.112505141509321     
   11.5000000000000       0.166750666906337      -0.112410910925417     
   11.5312500000000       0.166926684409768      -0.112320846531772     
   11.5625000000000       0.167191342128143      -0.112234934812051     
   11.5937500000000       0.167547520128358      -0.112153284501989     
   11.6250000000000       0.168000646113668      -0.112076129910279     
   11.6562500000000       0.168559232145917      -0.112003853619947     
   11.6875000000000       0.169235978300196      -0.111937036186412     
   11.7187500000000       0.170049911775631      -0.111876554264810     
   11.7500000000000       0.171030789658212      -0.111823783925704     
   11.7812500000000       0.172229542227311      -0.111781084113467     
   11.8125000000000       0.173750681669079      -0.111753298295339     
   11.8437500000000       0.175960062919161      -0.111757383730078     
   11.8750000000000       0.178827090384119      -0.110024777298681     
   11.9062500000000       0.180585515740627      -0.107925208857954     
   11.9375000000000       0.181963473236655      -0.105805869058607     
   11.9687500000000       0.183099421662202      -0.103673731961053     
   12.0000000000000       0.184055152269928      -0.101532054796499     
   13.0000000000000       0.169897063633780       0.000000000000000E+000
   14.0000000000000       0.157761559088510       0.000000000000000E+000
   15.0000000000000       0.147244121815942       0.000000000000000E+000
   16.0000000000000       0.138041364202446       0.000000000000000E+000
   17.0000000000000       0.129921283955243       0.000000000000000E+000
   18.0000000000000       0.122703434846619       0.000000000000000E+000
   19.0000000000000       0.116245359328376       0.000000000000000E+000
   20.0000000000000       0.110433091361957       0.000000000000000E+000
   21.0000000000000       0.105174372725673       0.000000000000000E+000
   22.0000000000000       0.100393719419961       0.000000000000000E+000
   23.0000000000000       9.602877509735375E-002  0.000000000000000E+000
   24.0000000000000       9.202757613496400E-002  0.000000000000000E+000
   25.0000000000000       8.834647308956545E-002  0.000000000000000E+000
   26.0000000000000       8.494853181688986E-002  0.000000000000000E+000
   27.0000000000000       8.180228989774578E-002  0.000000000000000E+000
   28.0000000000000       7.888077954425486E-002  0.000000000000000E+000
   29.0000000000000       7.616075266341849E-002  0.000000000000000E+000
   30.0000000000000       7.362206090797120E-002  0.000000000000000E+000
   31.0000000000000       7.124715571739149E-002  0.000000000000000E+000
   32.0000000000000       6.902068210122300E-002  0.000000000000000E+000
   33.0000000000000       6.692914627997382E-002  0.000000000000000E+000
   34.0000000000000       6.496064197762165E-002  0.000000000000000E+000
   35.0000000000000       6.310462363540388E-002  0.000000000000000E+000
   36.0000000000000       6.135171742330933E-002  0.000000000000000E+000
   37.0000000000000       5.969356289835503E-002  0.000000000000000E+000
   38.0000000000000       5.812267966418779E-002  0.000000000000000E+000
   39.0000000000000       5.663235454459323E-002  0.000000000000000E+000
   40.0000000000000       5.521654568097840E-002  0.000000000000000E+000
   41.0000000000000       5.386980066436917E-002  0.000000000000000E+000
   42.0000000000000       5.258718636283657E-002  0.000000000000000E+000
   43.0000000000000       5.136422854044503E-002  0.000000000000000E+000
   44.0000000000000       5.019685970998036E-002  0.000000000000000E+000
   45.0000000000000       4.908137393864747E-002  0.000000000000000E+000
   46.0000000000000       4.801438754867687E-002  0.000000000000000E+000
   47.0000000000000       4.699280483487524E-002  0.000000000000000E+000
   48.0000000000000       4.601378806748200E-002  0.000000000000000E+000
   49.0000000000000       4.507473116814564E-002  0.000000000000000E+000
   50.0000000000000       4.417323654478272E-002  0.000000000000000E+000
   51.0000000000000       4.330709465174776E-002  0.000000000000000E+000
   52.0000000000000       4.247426590844493E-002  0.000000000000000E+000
   53.0000000000000       4.167286466488936E-002  0.000000000000000E+000
   54.0000000000000       4.090114494887289E-002  0.000000000000000E+000
   55.0000000000000       4.015748776798429E-002  0.000000000000000E+000
   56.0000000000000       3.944038977212743E-002  0.000000000000000E+000
   57.0000000000000       3.874845310945853E-002  0.000000000000000E+000
   58.0000000000000       3.808037633170924E-002  0.000000000000000E+000
   59.0000000000000       3.743494622439213E-002  0.000000000000000E+000
   60.0000000000000       3.681103045398560E-002  0.000000000000000E+000
   61.0000000000000       3.620757093834649E-002  0.000000000000000E+000
   62.0000000000000       3.562357785869574E-002  0.000000000000000E+000
   63.0000000000000       3.505812424189105E-002  0.000000000000000E+000
   64.0000000000000       3.451034105061150E-002  0.000000000000000E+000
   65.0000000000000       3.397941272675594E-002  0.000000000000000E+000
   66.0000000000000       3.346457313998691E-002  0.000000000000000E+000
   67.0000000000000       3.296510189909158E-002  0.000000000000000E+000
   68.0000000000000       3.248032098881082E-002  0.000000000000000E+000
   69.0000000000000       3.200959169911791E-002  0.000000000000000E+000
   70.0000000000000       3.155231181770194E-002  0.000000000000000E+000
   71.0000000000000       3.110791305970614E-002  0.000000000000000E+000
   72.0000000000000       3.067585871165467E-002  0.000000000000000E+000
   73.0000000000000       3.025564146902926E-002  0.000000000000000E+000
   74.0000000000000       2.984678144917751E-002  0.000000000000000E+000
   75.0000000000000       2.944882436318848E-002  0.000000000000000E+000
   76.0000000000000       2.906133983209390E-002  0.000000000000000E+000
   77.0000000000000       2.868391983427450E-002  0.000000000000000E+000
   78.0000000000000       2.831617727229662E-002  0.000000000000000E+000
   79.0000000000000       2.795774464859666E-002  0.000000000000000E+000
   80.0000000000000       2.760827284048920E-002  0.000000000000000E+000
   81.0000000000000       2.726742996591526E-002  0.000000000000000E+000
   82.0000000000000       2.693490033218459E-002  0.000000000000000E+000
   83.0000000000000       2.661038346071248E-002  0.000000000000000E+000
   84.0000000000000       2.629359318141829E-002  0.000000000000000E+000
   85.0000000000000       2.598425679104866E-002  0.000000000000000E+000
   86.0000000000000       2.568211427022251E-002  0.000000000000000E+000
   87.0000000000000       2.538691755447283E-002  0.000000000000000E+000
   88.0000000000000       2.509842985499018E-002  0.000000000000000E+000
   89.0000000000000       2.481642502515883E-002  0.000000000000000E+000
   90.0000000000000       2.454068696932373E-002  0.000000000000000E+000
   91.0000000000000       2.427100909053996E-002  0.000000000000000E+000
   92.0000000000000       2.400719377433844E-002  0.000000000000000E+000
   93.0000000000000       2.374905190579716E-002  0.000000000000000E+000
   94.0000000000000       2.349640241743762E-002  0.000000000000000E+000
   95.0000000000000       2.324907186567512E-002  0.000000000000000E+000
   96.0000000000000       2.300689403374100E-002  0.000000000000000E+000
   97.0000000000000       2.276970955916635E-002  0.000000000000000E+000
   98.0000000000000       2.253736558407282E-002  0.000000000000000E+000
   99.0000000000000       2.230971542665794E-002  0.000000000000000E+000
   100.000000000000       2.208661827239136E-002  0.000000000000000E+000
   101.000000000000       2.186793888355580E-002  0.000000000000000E+000
   102.000000000000       2.165354732587388E-002  0.000000000000000E+000
   103.000000000000       2.144331871105957E-002  0.000000000000000E+000
   104.000000000000       2.123713295422246E-002  0.000000000000000E+000
   105.000000000000       2.103487454513463E-002  0.000000000000000E+000
   106.000000000000       2.083643233244468E-002  0.000000000000000E+000
   107.000000000000       2.064169931999192E-002  0.000000000000000E+000
   108.000000000000       2.045057247443645E-002  0.000000000000000E+000
   109.000000000000       2.026295254347831E-002  0.000000000000000E+000
   110.000000000000       2.007874388399215E-002  0.000000000000000E+000
   111.000000000000       1.989785429945167E-002  0.000000000000000E+000
   112.000000000000       1.972019488606372E-002  0.000000000000000E+000
   113.000000000000       1.954567988707200E-002  0.000000000000000E+000
   114.000000000000       1.937422655472926E-002  0.000000000000000E+000
   115.000000000000       1.920575501947075E-002  0.000000000000000E+000
   116.000000000000       1.904018816585462E-002  0.000000000000000E+000
   117.000000000000       1.887745151486441E-002  0.000000000000000E+000
   118.000000000000       1.871747311219607E-002  0.000000000000000E+000
   119.000000000000       1.856018342217761E-002  0.000000000000000E+000
   120.000000000000       1.840551522699280E-002  0.000000000000000E+000
   121.000000000000       1.825340353090195E-002  0.000000000000000E+000
   122.000000000000       1.810378546917325E-002  0.000000000000000E+000
   123.000000000000       1.795660022145639E-002  0.000000000000000E+000
   124.000000000000       1.781178892934787E-002  0.000000000000000E+000
   125.000000000000       1.766929461791309E-002  0.000000000000000E+000
   126.000000000000       1.752906212094553E-002  0.000000000000000E+000
   127.000000000000       1.739103800975698E-002  0.000000000000000E+000
   128.000000000000       1.725517052530575E-002  0.000000000000000E+000
   129.000000000000       1.712140951348167E-002  0.000000000000000E+000
   130.000000000000       1.698970636337797E-002  0.000000000000000E+000
   131.000000000000       1.686001394839035E-002  0.000000000000000E+000
   132.000000000000       1.673228656999345E-002  0.000000000000000E+000
   133.000000000000       1.660647990405366E-002  0.000000000000000E+000
   134.000000000000       1.648255094954579E-002  0.000000000000000E+000
   135.000000000000       1.636045797954916E-002  0.000000000000000E+000
   136.000000000000       1.624016049440541E-002  0.000000000000000E+000
   137.000000000000       1.612161917692800E-002  0.000000000000000E+000
   138.000000000000       1.600479584955896E-002  0.000000000000000E+000
   139.000000000000       1.588965343337508E-002  0.000000000000000E+000
   140.000000000000       1.577615590885097E-002  0.000000000000000E+000
   141.000000000000       1.566426827829175E-002  0.000000000000000E+000
   142.000000000000       1.555395652985307E-002  0.000000000000000E+000
   143.000000000000       1.544518760307088E-002  0.000000000000000E+000
   144.000000000000       1.533792935582733E-002  0.000000000000000E+000
   145.000000000000       1.523215053268370E-002  0.000000000000000E+000
   146.000000000000       1.512782073451463E-002  0.000000000000000E+000
   147.000000000000       1.502491038938188E-002  0.000000000000000E+000
   148.000000000000       1.492339072458876E-002  0.000000000000000E+000
   149.000000000000       1.482323373985997E-002  0.000000000000000E+000
   150.000000000000       1.472441218159424E-002  0.000000000000000E+000
   151.000000000000       1.462689951813997E-002  0.000000000000000E+000
   152.000000000000       1.453066991604695E-002  0.000000000000000E+000
   153.000000000000       1.443569821724926E-002  0.000000000000000E+000
   154.000000000000       1.434195991713725E-002  0.000000000000000E+000
   155.000000000000       1.424943114347830E-002  0.000000000000000E+000
   156.000000000000       1.415808863614831E-002  0.000000000000000E+000
   157.000000000000       1.406790972763781E-002  0.000000000000000E+000
   158.000000000000       1.397887232429833E-002  0.000000000000000E+000
   159.000000000000       1.389095488829645E-002  0.000000000000000E+000
   160.000000000000       1.380413642024460E-002  0.000000000000000E+000
   161.000000000000       1.371839644247911E-002  0.000000000000000E+000
   162.000000000000       1.363371498295763E-002  0.000000000000000E+000
   163.000000000000       1.355007255974930E-002  0.000000000000000E+000
   164.000000000000       1.346745016609229E-002  0.000000000000000E+000
   165.000000000000       1.338582925599476E-002  0.000000000000000E+000
   166.000000000000       1.330519173035624E-002  0.000000000000000E+000
   167.000000000000       1.322551992358764E-002  0.000000000000000E+000
   168.000000000000       1.314679659070914E-002  0.000000000000000E+000
   169.000000000000       1.306900489490613E-002  0.000000000000000E+000
   170.000000000000       1.299212839552433E-002  0.000000000000000E+000
   171.000000000000       1.291615103648618E-002  0.000000000000000E+000
   172.000000000000       1.284105713511126E-002  0.000000000000000E+000
   173.000000000000       1.276683137132449E-002  0.000000000000000E+000
   174.000000000000       1.269345877723641E-002  0.000000000000000E+000
   175.000000000000       1.262092472708078E-002  0.000000000000000E+000
   176.000000000000       1.254921492749509E-002  0.000000000000000E+000
   177.000000000000       1.247831540813071E-002  0.000000000000000E+000
   178.000000000000       1.240821251257942E-002  0.000000000000000E+000
   179.000000000000       1.233889288960411E-002  0.000000000000000E+000
   180.000000000000       1.227034348466187E-002  0.000000000000000E+000
   181.000000000000       1.220255153170793E-002  0.000000000000000E+000
   182.000000000000       1.213550454526998E-002  0.000000000000000E+000
   183.000000000000       1.206919031278216E-002  0.000000000000000E+000
   184.000000000000       1.200359688716922E-002  0.000000000000000E+000
   185.000000000000       1.193871257967101E-002  0.000000000000000E+000
   186.000000000000       1.187452595289858E-002  0.000000000000000E+000
   187.000000000000       1.181102581411303E-002  0.000000000000000E+000
   188.000000000000       1.174820120871881E-002  0.000000000000000E+000
   189.000000000000       1.168604141396368E-002  0.000000000000000E+000
   190.000000000000       1.162453593283756E-002  0.000000000000000E+000
   191.000000000000       1.156367448816302E-002  0.000000000000000E+000
   192.000000000000       1.150344701687050E-002  0.000000000000000E+000
   193.000000000000       1.144384366445148E-002  0.000000000000000E+000
   194.000000000000       1.138485477958318E-002  0.000000000000000E+000
   195.000000000000       1.132647090891865E-002  0.000000000000000E+000
   196.000000000000       1.126868279203641E-002  0.000000000000000E+000
   197.000000000000       1.121148135654384E-002  0.000000000000000E+000
   198.000000000000       1.115485771332897E-002  0.000000000000000E+000
   199.000000000000       1.109880315195546E-002  0.000000000000000E+000
   200.000000000000       1.104330913619568E-002  0.000000000000000E+000
   201.000000000000       1.098836729969719E-002  0.000000000000000E+000
   202.000000000000       1.093396944177790E-002  0.000000000000000E+000
   203.000000000000       1.088010752334550E-002  0.000000000000000E+000
   204.000000000000       1.082677366293694E-002  0.000000000000000E+000
   205.000000000000       1.077396013287383E-002  0.000000000000000E+000
   206.000000000000       1.072165935552979E-002  0.000000000000000E+000
   207.000000000000       1.066986389970597E-002  0.000000000000000E+000
   208.000000000000       1.061856647711123E-002  0.000000000000000E+000
   209.000000000000       1.056775993894324E-002  0.000000000000000E+000
   210.000000000000       1.051743727256732E-002  0.000000000000000E+000
   211.000000000000       1.046759159828974E-002  0.000000000000000E+000
   212.000000000000       1.041821616622234E-002  0.000000000000000E+000
   213.000000000000       1.036930435323538E-002  0.000000000000000E+000
   214.000000000000       1.032084965999596E-002  0.000000000000000E+000
   215.000000000000       1.027284570808901E-002  0.000000000000000E+000
   216.000000000000       1.022528623721822E-002  0.000000000000000E+000
   217.000000000000       1.017816510248450E-002  0.000000000000000E+000
   218.000000000000       1.013147627173916E-002  0.000000000000000E+000
   219.000000000000       1.008521382300975E-002  0.000000000000000E+000
   220.000000000000       1.003937194199607E-002  0.000000000000000E+000
   221.000000000000       9.993944919634099E-003  0.000000000000000E+000
   222.000000000000       9.948927149725837E-003  0.000000000000000E+000
   223.000000000000       9.904313126632897E-003  0.000000000000000E+000
   224.000000000000       9.860097443031858E-003  0.000000000000000E+000
   225.000000000000       9.816274787729494E-003  0.000000000000000E+000
   226.000000000000       9.772839943536000E-003  0.000000000000000E+000
   227.000000000000       9.729787785194432E-003  0.000000000000000E+000
   228.000000000000       9.687113277364632E-003  0.000000000000000E+000
   229.000000000000       9.644811472659982E-003  0.000000000000000E+000
   230.000000000000       9.602877509735375E-003  0.000000000000000E+000
   231.000000000000       9.561306611424831E-003  0.000000000000000E+000
   232.000000000000       9.520094082927311E-003  0.000000000000000E+000
   233.000000000000       9.479235310039210E-003  0.000000000000000E+000
   234.000000000000       9.438725757432206E-003  0.000000000000000E+000
   235.000000000000       9.398560966975047E-003  0.000000000000000E+000
   236.000000000000       9.358736556098033E-003  0.000000000000000E+000
   237.000000000000       9.319248216198886E-003  0.000000000000000E+000
   238.000000000000       9.280091711088807E-003  0.000000000000000E+000
   239.000000000000       9.241262875477557E-003  0.000000000000000E+000
   240.000000000000       9.202757613496400E-003  0.000000000000000E+000
   241.000000000000       9.164571897257825E-003  0.000000000000000E+000
   242.000000000000       9.126701765450976E-003  0.000000000000000E+000
   243.000000000000       9.089143321971754E-003  0.000000000000000E+000
   244.000000000000       9.051892734586623E-003  0.000000000000000E+000
   245.000000000000       9.014946233629128E-003  0.000000000000000E+000
   246.000000000000       8.978300110728196E-003  0.000000000000000E+000
   247.000000000000       8.941950717567353E-003  0.000000000000000E+000
   248.000000000000       8.905894464673936E-003  0.000000000000000E+000
   249.000000000000       8.870127820237494E-003  0.000000000000000E+000
   250.000000000000       8.834647308956544E-003  0.000000000000000E+000
   251.000000000000       8.799449510912893E-003  0.000000000000000E+000
   252.000000000000       8.764531060472763E-003  0.000000000000000E+000
   253.000000000000       8.729888645213976E-003  0.000000000000000E+000
   254.000000000000       8.695519004878489E-003  0.000000000000000E+000
   255.000000000000       8.661418930349553E-003  0.000000000000000E+000
   256.000000000000       8.627585262652875E-003  0.000000000000000E+000
   257.000000000000       8.594014891981075E-003  0.000000000000000E+000
   258.000000000000       8.560704756740837E-003  0.000000000000000E+000
   259.000000000000       8.527651842622146E-003  0.000000000000000E+000
   260.000000000000       8.494853181688985E-003  0.000000000000000E+000
   261.000000000000       8.462305851490944E-003  0.000000000000000E+000
   262.000000000000       8.430006974195176E-003  0.000000000000000E+000
   263.000000000000       8.397953715738159E-003  0.000000000000000E+000
   264.000000000000       8.366143284996727E-003  0.000000000000000E+000
   265.000000000000       8.334572932977872E-003  0.000000000000000E+000
   266.000000000000       8.303239952026828E-003  0.000000000000000E+000
   267.000000000000       8.272141675052944E-003  0.000000000000000E+000
   268.000000000000       8.241275474772896E-003  0.000000000000000E+000
   269.000000000000       8.210638762970766E-003  0.000000000000000E+000
   270.000000000000       8.180228989774578E-003  0.000000000000000E+000
   271.000000000000       8.150043642948841E-003  0.000000000000000E+000
   272.000000000000       8.120080247202706E-003  0.000000000000000E+000
   273.000000000000       8.090336363513318E-003  0.000000000000000E+000
   274.000000000000       8.060809588464000E-003  0.000000000000000E+000
   275.000000000000       8.031497553596858E-003  0.000000000000000E+000
   276.000000000000       8.002397924779478E-003  0.000000000000000E+000
   277.000000000000       7.973508401585328E-003  0.000000000000000E+000
   278.000000000000       7.944826716687539E-003  0.000000000000000E+000
   279.000000000000       7.916350635265721E-003  0.000000000000000E+000
   280.000000000000       7.888077954425485E-003  0.000000000000000E+000
   281.000000000000       7.860006502630378E-003  0.000000000000000E+000
   282.000000000000       7.832134139145873E-003  0.000000000000000E+000
   283.000000000000       7.804458753495181E-003  0.000000000000000E+000
   284.000000000000       7.776978264926535E-003  0.000000000000000E+000
   285.000000000000       7.749690621891706E-003  0.000000000000000E+000
   286.000000000000       7.722593801535441E-003  0.000000000000000E+000
   287.000000000000       7.695685809195596E-003  0.000000000000000E+000
   288.000000000000       7.668964677913667E-003  0.000000000000000E+000
   289.000000000000       7.642428467955488E-003  0.000000000000000E+000
   290.000000000000       7.616075266341849E-003  0.000000000000000E+000
   291.000000000000       7.589903186388784E-003  0.000000000000000E+000
   292.000000000000       7.563910367257315E-003  0.000000000000000E+000
   293.000000000000       7.538094973512410E-003  0.000000000000000E+000
   294.000000000000       7.512455194690939E-003  0.000000000000000E+000
   295.000000000000       7.486989244878428E-003  0.000000000000000E+000
   296.000000000000       7.461695362294378E-003  0.000000000000000E+000
   297.000000000000       7.436571808885980E-003  0.000000000000000E+000
   298.000000000000       7.411616869929987E-003  0.000000000000000E+000
   299.000000000000       7.386828853642596E-003  0.000000000000000E+000
   300.000000000000       7.362206090797120E-003  0.000000000000000E+000
   301.000000000000       7.337746934349289E-003  0.000000000000000E+000
   302.000000000000       7.313449759069987E-003  0.000000000000000E+000
   303.000000000000       7.289312961185268E-003  0.000000000000000E+000
   304.000000000000       7.265334958023474E-003  0.000000000000000E+000
   305.000000000000       7.241514187669299E-003  0.000000000000000E+000
   306.000000000000       7.217849108624628E-003  0.000000000000000E+000
   307.000000000000       7.194338199476014E-003  0.000000000000000E+000
   308.000000000000       7.170979958568624E-003  0.000000000000000E+000
   309.000000000000       7.147772903686524E-003  0.000000000000000E+000
   310.000000000000       7.124715571739148E-003  0.000000000000000E+000
   311.000000000000       7.101806518453813E-003  0.000000000000000E+000
   312.000000000000       7.079044318074154E-003  0.000000000000000E+000
