  0.000000000000000E+000 -0.135441541148646      -1.751889092506793E-006
  7.812500000000000E-003 -0.135369677073861      -1.088163625872092E-003
  1.562500000000000E-002 -0.135104436373575      -1.730358898204885E-003
  2.343750000000000E-002 -0.135705541196899      -2.590467221340527E-003
  3.125000000000000E-002 -0.136181798373789      -3.755298657728836E-003
  3.906250000000000E-002 -0.138020529251515      -6.856247076499021E-003
  4.687500000000000E-002 -0.129471125928160      -7.651401143040855E-003
  5.468750000000000E-002 -0.132000386071888      -5.352459339073771E-003
  6.250000000000000E-002 -0.133118697558576      -6.591937651167818E-003
  7.031250000000000E-002 -0.132997578008091      -7.240747170346244E-003
  7.812500000000000E-002 -0.133636041647414      -8.016439360857743E-003
  8.593750000000000E-002 -0.134712676788627      -9.540597233703504E-003
  9.375000000000000E-002 -0.135182930644123      -1.381818908611130E-002
  0.101562500000000      -0.130212570528284      -1.544918445750143E-002
  0.109375000000000      -0.128548153091062      -1.474687511063068E-002
  0.117187500000000      -0.124563822639785      -1.515396146878649E-002
  0.125000000000000      -0.122467836361668      -1.107902402524790E-002
  0.132812500000000      -0.124283648522029      -8.379270974250745E-003
  0.140625000000000      -0.125884690191563      -7.379367629943898E-003
  0.148437500000000      -0.127441362150699      -7.343990857690941E-003
  0.156250000000000      -0.128558542667666      -7.509694279927662E-003
  0.164062500000000      -0.129538818124211      -8.182710474291623E-003
  0.171875000000000      -0.129987829163777      -8.697133583806950E-003
  0.179687500000000      -0.130451588750633      -9.112664825059798E-003
  0.187500000000000      -0.130713152553526      -9.350324267159227E-003
  0.195312500000000      -0.131296897722184      -9.158316173349451E-003
  0.203125000000000      -0.132357931142179      -9.558096005494520E-003
  0.210937500000000      -0.133150479440753      -9.848466850426788E-003
  0.218750000000000      -0.134933637454733      -1.038892860191231E-002
  0.226562500000000      -0.135805590527961      -1.225378019475031E-002
  0.234375000000000      -0.135604394942852      -1.395464673966885E-002
  0.242187500000000      -0.134940524448718      -1.433182121706761E-002
  0.250000000000000      -0.134991377537281      -1.444260424266152E-002
  0.257812500000000      -0.135411354529377      -1.438241512926035E-002
  0.265625000000000      -0.136082188500601      -1.499656529037946E-002
  0.273437500000000      -0.136046336610125      -1.540203492957893E-002
  0.281250000000000      -0.135940710582083      -1.434311853591636E-002
  0.289062500000000      -0.137958949302175      -1.376854304407004E-002
  0.296875000000000      -0.139859844835233      -1.388523870850433E-002
  0.304687500000000      -0.141928086705133      -1.437200348072625E-002
  0.312500000000000      -0.143750321060930      -1.524822087142234E-002
  0.320312500000000      -0.145779230064952      -1.605097382690935E-002
  0.328125000000000      -0.148213443665732      -1.720674860234143E-002
  0.335937500000000      -0.150515227734005      -1.917133419955919E-002
  0.343750000000000      -0.152630908442766      -2.133884630393122E-002
  0.351562500000000      -0.154449387978733      -2.407704799752108E-002
  0.359375000000000      -0.154968429893786      -2.629654451086459E-002
  0.367187500000000      -0.157117269926468      -2.770241000884628E-002
  0.375000000000000      -0.160132658272039      -3.026865110673085E-002
  0.382812500000000      -0.163388813008635      -3.518593220550175E-002
  0.390625000000000      -0.161936938123844      -4.043749624837687E-002
  0.398437500000000      -0.161910129710460      -4.306535560073426E-002
  0.406250000000000      -0.162651602158274      -4.618686318717220E-002
  0.414062500000000      -0.162789419776788      -5.049305864236110E-002
  0.421875000000000      -0.162006527612902      -5.240682166139642E-002
  0.429687500000000      -0.163295436530644      -5.407144418902695E-002
  0.437500000000000      -0.166787539475726      -5.609848123465452E-002
  0.445312500000000      -0.175549069216983      -6.249006553151774E-002
  0.453125000000000      -0.176248046191514      -7.604360445201243E-002
  0.460937500000000      -0.174277997433075      -8.830710909210543E-002
  0.468750000000000      -0.169720416628392      -0.101760309144132     
  0.476562500000000      -0.158622079438816      -0.117873814966412     
  0.484375000000000      -0.139491469793272      -0.121778684414098     
  0.492187500000000      -0.125954735565120      -0.122105981096341     
  0.500000000000000      -0.112938830323618      -0.121378914044015     
  0.507812500000000      -9.838434612278510E-002 -0.117962385890102     
  0.515625000000000      -8.731021450984507E-002 -0.105574161968521     
  0.523437500000000      -8.374896361522360E-002 -9.631657133400756E-002
  0.531250000000000      -8.109740085782988E-002 -8.897288120744350E-002
  0.539062500000000      -7.875240640493114E-002 -8.207016657288191E-002
  0.546875000000000      -7.666690785419877E-002 -7.366828527230879E-002
  0.554687500000000      -7.967203169212599E-002 -6.595792500974934E-002
  0.562500000000000      -8.290399047810745E-002 -6.086987076406244E-002
  0.570312500000000      -8.640625333568883E-002 -5.700105746423401E-002
  0.578125000000000      -9.040762054697640E-002 -5.420978527487715E-002
  0.585937500000000      -9.517881791846140E-002 -5.367014099905097E-002
  0.593750000000000      -9.747621050220599E-002 -5.461277104440426E-002
  0.601562500000000      -9.889513620584435E-002 -5.519353978513014E-002
  0.609375000000000      -9.986923292487206E-002 -5.554714597765935E-002
  0.617187500000000      -0.100638293358199      -5.564815370353342E-002
  0.625000000000000      -0.101679412372327      -5.566150954910146E-002
  0.632812500000000      -0.102317677885104      -5.611616536519089E-002
  0.640625000000000      -0.102605829233303      -5.624998702400999E-002
  0.648437500000000      -0.102880854394025      -5.594314703456685E-002
  0.656250000000000      -0.103534207852083      -5.515323047103423E-002
  0.664062500000000      -0.105434939203397      -5.397386872846448E-002
  0.671875000000000      -0.107975145990708      -5.532481911234546E-002
  0.679687500000000      -0.109230412784342      -5.683314199379292E-002
  0.687500000000000      -0.110078063859022      -5.833080421686983E-002
  0.695312500000000      -0.110721154298091      -5.991466146410845E-002
  0.703125000000000      -0.111053038674185      -6.200242586044518E-002
  0.710937500000000      -0.109514298514201      -6.359736926293069E-002
  0.718750000000000      -0.108826278503693      -6.395479947786137E-002
  0.726562500000000      -0.108316303471379      -6.421852750967140E-002
  0.734375000000000      -0.107970677804589      -6.428886218571557E-002
  0.742187500000000      -0.107823320764198      -6.416811102650481E-002
  0.750000000000000      -0.108030139948364      -6.374692716912790E-002
  0.757812500000000      -0.109326804165826      -6.391590920012390E-002
  0.765625000000000      -0.109903362652586      -6.474791061930164E-002
  0.773437500000000      -0.110226094569617      -6.545383367886504E-002
  0.781250000000000      -0.110514934543920      -6.597931066982787E-002
  0.789062500000000      -0.111017005855820      -6.635135218579702E-002
  0.796875000000000      -0.112081920135386      -6.698370477763030E-002
  0.804687500000000      -0.112107459149615      -6.893635535454273E-002
  0.812500000000000      -0.111542219694129      -6.919637286021264E-002
  0.820312500000000      -0.111692767117381      -6.898510287787775E-002
  0.828125000000000      -0.112477089895869      -6.870629333679164E-002
  0.835937500000000      -0.113886688484410      -6.856858439131977E-002
  0.843750000000000      -0.116039663920273      -6.886384300923856E-002
  0.851562500000000      -0.118542406987048      -7.121428365160194E-002
  0.859375000000000      -0.118841604508699      -7.266265680360309E-002
  0.867187500000000      -0.120035117835369      -7.343892607980793E-002
  0.875000000000000      -0.122074395553847      -7.428957058276832E-002
  0.882812500000000      -0.125056343577882      -7.564915844942406E-002
  0.890625000000000      -0.129178011335011      -7.814405745387080E-002
  0.898437500000000      -0.134756340617890      -8.326981684855321E-002
  0.906250000000000      -0.136641158640024      -9.660278536688954E-002
  0.914062500000000      -0.130351735882471      -0.104635244890165     
  0.921875000000000      -0.123892232085242      -0.109391528541427     
  0.929687500000000      -0.117317443167952      -0.112176723163040     
  0.937500000000000      -0.110552547473559      -0.113229855398298     
  0.945312500000000      -0.103555590160332      -0.112233134470687     
  0.953125000000000      -9.662396243077521E-002 -0.108115680848935     
  0.960937500000000      -9.402589886393189E-002 -9.842147669523649E-002
  0.968750000000000      -9.730521589296216E-002 -9.249241028445024E-002
  0.976562500000000      -0.101402484587797      -8.842514679662337E-002
  0.984375000000000      -0.106564358683824      -8.547144823977222E-002
  0.992187500000000      -0.113030445140890      -8.363230276234951E-002
   1.00000000000000      -0.121068226195220      -8.325516504965504E-002
   1.00781250000000      -0.131015480794607      -8.511357553108294E-002
   1.01562500000000      -0.143847934543773      -9.139962790940230E-002
   1.02343750000000      -0.150121712925170      -0.106356779617182     
   1.03125000000000      -0.152215158209983      -0.118687968765446     
   1.03906250000000      -0.152824648108812      -0.130822457476099     
   1.04687500000000      -0.151969005238618      -0.143479986745225     
   1.05468750000000      -0.149184464518927      -0.157086716456927     
   1.06250000000000      -0.143459892203190      -0.171865380519226     
   1.07031250000000      -0.132712494396872      -0.187581555618310     
   1.07812500000000      -0.109836318763987      -0.199289747657410     
   1.08593750000000      -9.305259372850457E-002 -0.194566602011537     
   1.09375000000000      -8.242207268480872E-002 -0.189953553570397     
   1.10156250000000      -7.494618266260049E-002 -0.185532668897725     
   1.10937500000000      -6.979871147644594E-002 -0.181613604278095     
   1.11718750000000      -6.653571775867054E-002 -0.178581214481513     
   1.12500000000000      -6.479030227420102E-002 -0.176925114861789     
   1.13281250000000      -6.413589700975438E-002 -0.177347710254462     
   1.14062500000000      -6.399993713105145E-002 -0.181844691430959     
   1.14843750000000      -5.577944721142253E-002 -0.187586360141616     
   1.15625000000000      -4.756568747530317E-002 -0.189070894677703     
   1.16406250000000      -3.976482244853446E-002 -0.189141744579076     
   1.17187500000000      -3.230378859906865E-002 -0.188295582561681     
   1.17968750000000      -2.514470138607514E-002 -0.186689483732517     
   1.18750000000000      -1.830893121790932E-002 -0.184336167371797     
   1.19531250000000      -1.191778784146256E-002 -0.181147985955927     
   1.20312500000000      -6.337906182247984E-003 -0.176885623534244     
   1.21093750000000      -3.969276601444542E-003 -0.172076143888703     
   1.21875000000000      -1.685766776111031E-003 -0.170674326231395     
   1.22656250000000       1.739463578387763E-003 -0.169824564574846     
   1.23437500000000       6.000093047866453E-003 -0.169050783742810     
   1.24218750000000       1.101202804668756E-002 -0.168069445973060     
   1.25000000000000       1.672512289602592E-002 -0.166614327856135     
   1.25781250000000       2.307050834851561E-002 -0.164383579441683     
   1.26562500000000       2.991757812055909E-002 -0.160989427399600     
   1.27343750000000       3.700225366576061E-002 -0.155808500998025     
   1.28125000000000       4.195635057113886E-002 -0.147252694807079     
   1.28906250000000       4.367799847892683E-002 -0.140881541836064     
   1.29687500000000       4.545510786768191E-002 -0.135532609775431     
   1.30468750000000       4.726367028691208E-002 -0.130532483117072     
   1.31250000000000       4.905603660119699E-002 -0.125619080195072     
   1.32031250000000       5.076652637904651E-002 -0.120641248224156     
   1.32812500000000       5.230896679867934E-002 -0.115500799120078     
   1.33593750000000       5.357942453758947E-002 -0.110146253126497     
   1.34375000000000       5.455034211071605E-002 -0.104577043863041     
   1.35156250000000       5.544868482296784E-002 -9.785468039925652E-002
   1.35937500000000       5.248527278660990E-002 -9.167926563461827E-002
   1.36718750000000       5.018822655990710E-002 -8.778557866301588E-002
   1.37500000000000       4.835566956808698E-002 -8.451910955241462E-002
   1.38281250000000       4.682678115548042E-002 -8.157609176458706E-002
   1.39062500000000       4.550031259643163E-002 -7.880944192457616E-002
   1.39843750000000       4.428929152593917E-002 -7.612872983354486E-002
   1.40625000000000       4.309847382768358E-002 -7.347490568311259E-002
   1.41406250000000       4.180056869418319E-002 -7.082032377676310E-002
   1.42187500000000       4.018804953029275E-002 -6.820026382281855E-002
   1.42968750000000       3.767976385254254E-002 -6.597919054799492E-002
   1.43750000000000       3.605726063069530E-002 -6.555639067096579E-002
   1.44531250000000       3.514099811282462E-002 -6.478520431419355E-002
   1.45312500000000       3.453834846466888E-002 -6.398433762748795E-002
   1.46093750000000       3.423144630382122E-002 -6.318230332170996E-002
   1.46875000000000       3.424910705222044E-002 -6.235248540245153E-002
   1.47656250000000       3.463686266289227E-002 -6.141971559479251E-002
   1.48437500000000       3.543172946748781E-002 -6.024964944815472E-002
   1.49218750000000       3.662599633715007E-002 -5.864181287728007E-002
   1.50000000000000       3.813087911414587E-002 -5.633746151252104E-002
   1.50781250000000       3.980729861955370E-002 -5.296387903143802E-002
   1.51562500000000       3.992488215677204E-002 -4.744191212830227E-002
   1.52343750000000       3.814000247290337E-002 -4.338337864476908E-002
   1.53125000000000       3.618780435814655E-002 -4.001026000856419E-002
   1.53906250000000       3.408653622936109E-002 -3.701756239946536E-002
   1.54687500000000       3.182646199326176E-002 -3.431056605819987E-002
   1.55468750000000       2.939159082856808E-002 -3.186080760524174E-002
   1.56250000000000       2.676344463713124E-002 -2.967519123550894E-002
   1.57031250000000       2.392131758438269E-002 -2.778900842286077E-002
   1.57812500000000       2.083961546138056E-002 -2.627157130681676E-002
   1.58593750000000       1.747690143850750E-002 -2.525413979778116E-002
   1.59375000000000       1.371598803678476E-002 -2.507176498171163E-002
   1.60156250000000       1.090629985344339E-002 -2.714848759218426E-002
   1.60937500000000       9.999258905353543E-003 -2.840309283679327E-002
   1.61718750000000       9.467246369192805E-003 -2.914258080295037E-002
   1.62500000000000       9.215679918552270E-003 -2.956485795228182E-002
   1.63281250000000       9.219759421748070E-003 -2.971486719431745E-002
   1.64062500000000       9.474741572653846E-003 -2.958007949547550E-002
   1.64843750000000       9.982050905554062E-003 -2.910800605151138E-002
   1.65625000000000       1.074121660658695E-002 -2.820467931037794E-002
   1.66406250000000       1.174149280212531E-002 -2.671956687731763E-002
   1.67187500000000       1.294907400598046E-002 -2.440383437492982E-002
   1.67968750000000       1.427979819460895E-002 -2.076659530818857E-002
   1.68750000000000       1.489535153887094E-002 -1.349398969638683E-002
   1.69531250000000       9.204909997521837E-003 -7.857232110886344E-003
   1.70312500000000       3.711741218609478E-003 -4.868914433693548E-003
   1.71093750000000      -1.639062376591440E-003 -3.069546909311307E-003
   1.71875000000000      -6.884160342491326E-003 -2.088854262584776E-003
   1.72656250000000      -1.205299919696275E-002 -1.766484534231459E-003
   1.73437500000000      -1.717078914941729E-002 -2.028948730428896E-003
   1.74218750000000      -2.226084091748495E-002 -2.853378679092576E-003
   1.75000000000000      -2.734714216160074E-002 -4.257706789451412E-003
   1.75781250000000      -3.245827759619335E-002 -6.307071153291582E-003
   1.76562500000000      -3.763557291184912E-002 -9.145510571792210E-003
   1.77343750000000      -4.295745768746081E-002 -1.311383677765171E-002
   1.78125000000000      -4.870257273489898E-002 -1.997145437572601E-002
   1.78906250000000      -4.841051409831511E-002 -2.786990008367211E-002
   1.79687500000000      -4.753259002715002E-002 -3.341565992770010E-002
   1.80468750000000      -4.626644252838070E-002 -3.809076714423062E-002
   1.81250000000000      -4.465293812521265E-002 -4.216895237538405E-002
   1.82031250000000      -4.271272718464798E-002 -4.574825933988943E-002
   1.82812500000000      -4.046201066314967E-002 -4.885820976623740E-002
   1.83593750000000      -3.791867428908366E-002 -5.149053157946647E-002
   1.84375000000000      -3.510640199828907E-002 -5.360977002115092E-002
   1.85156250000000      -3.205881280157430E-002 -5.515505044374131E-002
   1.85937500000000      -2.882510519269553E-002 -5.603367074920596E-002
   1.86718750000000      -2.548034169701572E-002 -5.609671907841954E-002
   1.87500000000000      -2.215394666560643E-002 -5.503481173086218E-002
   1.88281250000000      -2.031042370843379E-002 -5.178007912562287E-002
   1.89062500000000      -2.077392791368161E-002 -5.020159282240337E-002
   1.89843750000000      -2.113712519814727E-002 -4.946888649269002E-002
   1.90625000000000      -2.143231265227550E-002 -4.912147733920749E-002
   1.91406250000000      -2.167225584639852E-002 -4.900695000680186E-002
   1.92187500000000      -2.186496804967710E-002 -4.905042754371136E-002
   1.92968750000000      -2.201661792876986E-002 -4.920909207904971E-002
   1.93750000000000      -2.213266576508635E-002 -4.945679006888684E-002
   1.94531250000000      -2.221851909027316E-002 -4.977767260144215E-002
   1.95312500000000      -2.228009996811367E-002 -5.016361524596409E-002
   1.96093750000000      -2.232461792961371E-002 -5.061403625918617E-002
   1.96875000000000      -2.236215996688675E-002 -5.113889035908076E-002
   1.97656250000000      -2.241058606229177E-002 -5.177148765991080E-002
   1.98437500000000      -2.253015857009900E-002 -5.270929015016628E-002
   1.99218750000000      -2.198176022321570E-002 -5.383955227619037E-002
   2.00000000000000      -2.128870229137380E-002 -5.472247850722931E-002
   2.00781250000000      -2.048601091724491E-002 -5.549306037614406E-002
   2.01562500000000      -1.958087162168435E-002 -5.616441587559064E-002
   2.02343750000000      -1.857832897289743E-002 -5.673088050895081E-002
   2.03125000000000      -1.748488922995147E-002 -5.717849425133693E-002
   2.03906250000000      -1.631048073172020E-002 -5.748807912699321E-002
   2.04687500000000      -1.507019222550981E-002 -5.763660719937936E-002
   2.05468750000000      -1.378617100770104E-002 -5.759806326074268E-002
   2.06250000000000      -1.248996375355292E-002 -5.734404486426278E-002
   2.07031250000000      -1.122588163727531E-002 -5.684373254560406E-002
   2.07812500000000      -1.005729081091144E-002 -5.606136771840222E-002
   2.08593750000000      -9.084670435357713E-003 -5.494155273199491E-002
   2.09375000000000      -8.659145987924950E-003 -5.321549883104994E-002
   2.10156250000000      -9.339694455456894E-003 -5.242309388283344E-002
   2.10937500000000      -9.665632207605475E-003 -5.209529318185293E-002
   2.11718750000000      -9.838554974139642E-003 -5.192056038101295E-002
   2.12500000000000      -9.914089634075316E-003 -5.182499723417985E-002
   2.13281250000000      -9.921614220395107E-003 -5.177542508720529E-002
   2.14062500000000      -9.880162471283977E-003 -5.175421367535637E-002
   2.14843750000000      -9.803658763474573E-003 -5.175152996365595E-002
   2.15625000000000      -9.703251121767443E-003 -5.176226746828889E-002
   2.16406250000000      -9.588584874556794E-003 -5.178476645957074E-002
   2.17187500000000      -9.468659547045543E-003 -5.182047568972924E-002
   2.17968750000000      -9.352600479729379E-003 -5.187441145282844E-002
   2.18750000000000      -9.250689293793753E-003 -5.195686436989148E-002
   2.19531250000000      -9.176488780639477E-003 -5.208840027320288E-002
   2.20312500000000      -9.154228851937476E-003 -5.231978445256848E-002
   2.21093750000000      -9.065530590488782E-003 -5.292747929895658E-002
   2.21875000000000      -8.530062127839863E-003 -5.343541390854616E-002
   2.22656250000000      -7.919920006556728E-003 -5.380258705406620E-002
   2.23437500000000      -7.261347582292406E-003 -5.408601990576655E-002
   2.24218750000000      -6.565076561701694E-003 -5.430404081035405E-002
   2.25000000000000      -5.837665526946772E-003 -5.446568477181983E-002
   2.25781250000000      -5.083851420199098E-003 -5.457649218442072E-002
   2.26562500000000      -4.307340330252789E-003 -5.464057925562670E-002
   2.27343750000000      -3.511084410151698E-003 -5.466167233824972E-002
   2.28125000000000      -2.697295611392337E-003 -5.464382107031324E-002
   2.28906250000000      -1.867232510841704E-003 -5.459209545846554E-002
   2.29687500000000      -1.020661666640122E-003 -5.451352743950557E-002
   2.30468750000000      -1.546549082820568E-004 -5.441876319124336E-002
   2.31250000000000       7.393887507338229E-004 -5.432575460624052E-002
   2.32031250000000       1.685447975437538E-003 -5.427117962035049E-002
   2.32812500000000       2.799081447633957E-003 -5.439637469859872E-002
   2.33593750000000       4.517974735630128E-003 -5.404354070708726E-002
   2.34375000000000       5.963260209712177E-003 -5.332049535858480E-002
   2.35156250000000       7.284847637107470E-003 -5.244959610488800E-002
   2.35937500000000       8.517292445204588E-003 -5.146288042632438E-002
   2.36718750000000       9.675790335792397E-003 -5.037222446091223E-002
   2.37500000000000       1.076807524330001E-002 -4.918158240150961E-002
   2.38281250000000       1.179790942994347E-002 -4.789037297199616E-002
   2.39062500000000       1.276640862466949E-002 -4.649456263349597E-002
   2.39843750000000       1.367252750850891E-002 -4.498677912217896E-002
   2.40625000000000       1.451307119319420E-002 -4.335575068964726E-002
   2.41406250000000       1.528227558646325E-002 -4.158495652716349E-002
   2.42187500000000       1.597075950906685E-002 -3.964994775828570E-002
   2.42968750000000       1.656320389486773E-002 -3.751285609306787E-002
   2.43750000000000       1.703271401674242E-002 -3.510959455569988E-002
   2.44531250000000       1.732336702008124E-002 -3.231156577233044E-002
   2.45312500000000       1.724816885401522E-002 -2.871133251000292E-002
   2.46093750000000       1.468523574068801E-002 -2.508612588905295E-002
   2.46875000000000       1.217981847140200E-002 -2.320464415693882E-002
   2.47656250000000       9.869547076084315E-003 -2.182677779527151E-002
   2.48437500000000       7.663317636136135E-003 -2.078017757544342E-002
   2.49218750000000       5.526044416503584E-003 -1.999607355247910E-002
   2.50000000000000       3.441612862378960E-003 -1.943982565511929E-002
   2.53125000000000      -4.431848916184973E-003 -1.922871733038569E-002
   2.56250000000000      -1.124591483406307E-002 -2.223231354506972E-002
   2.59375000000000      -1.380307604290043E-002 -2.948586698216202E-002
   2.62500000000000      -1.196441001112568E-002 -3.195342616297068E-002
   2.65625000000000      -1.123008581798744E-002 -3.301980219594459E-002
   2.68750000000000      -1.109945819149582E-002 -3.390227954962633E-002
   2.71875000000000      -1.030214758482683E-002 -3.607609708217607E-002
   2.75000000000000      -9.455505247102701E-003 -3.456041187927451E-002
   2.78125000000000      -9.952706491672006E-003 -3.521086773266476E-002
   2.81250000000000      -1.000463654869378E-002 -3.625631537488219E-002
   2.84375000000000      -9.745527872317822E-003 -3.762008487807801E-002
   2.87500000000000      -8.693388327479335E-003 -4.002482991983060E-002
   2.90625000000000      -5.463415775859966E-003 -4.066665408932274E-002
   2.93750000000000      -2.752547934803315E-003 -4.008178960635608E-002
   2.96875000000000      -3.877381712249448E-004 -3.868555904368719E-002
   3.00000000000000       1.503445617952027E-003 -3.645632666000131E-002
   3.03125000000000       1.934500114545934E-003 -3.292983925113597E-002
   3.06250000000000       6.282452282918812E-004 -3.133698317522460E-002
   3.09375000000000      -2.653707601919307E-004 -3.045574297145147E-002
   3.12500000000000      -9.862342449885265E-004 -2.995217464477356E-002
   3.15625000000000      -1.526474821318595E-003 -2.976502072674447E-002
   3.18750000000000      -1.737871268501104E-003 -2.996161263483460E-002
   3.21875000000000      -1.234493745584614E-003 -2.971167785137529E-002
   3.25000000000000      -9.635838427546151E-004 -2.920479903970282E-002
   3.28125000000000      -7.482436575747658E-004 -2.863429682254890E-002
   3.31250000000000      -5.496658601684686E-004 -2.800205397966946E-002
   3.34375000000000      -3.487346459472731E-004 -2.726817688346753E-002
   3.37500000000000      -3.091035841634703E-004 -2.631352706331691E-002
   3.40625000000000      -4.484174839559116E-004 -2.544673670131126E-002
   3.43750000000000      -6.437820446656890E-004 -2.457065840647722E-002
   3.46875000000000      -9.218331678975694E-004 -2.363737869942457E-002
   3.50000000000000      -1.335694389167567E-003 -2.259182041557372E-002
   3.53125000000000      -2.068664469775792E-003 -2.126224512721148E-002
   3.56250000000000      -3.883901010692735E-003 -2.059966756802833E-002
   3.59375000000000      -5.241761761202086E-003 -2.065946323760364E-002
   3.62500000000000      -6.375709605605876E-003 -2.095647998391904E-002
   3.65625000000000      -7.342483306850542E-003 -2.146067754791196E-002
   3.68750000000000      -8.134545002951446E-003 -2.221014297653357E-002
   3.71875000000000      -8.606172569935188E-003 -2.341524305661206E-002
   3.75000000000000      -7.850101002536783E-003 -2.418442867691495E-002
   3.78125000000000      -7.395970838606060E-003 -2.427612992390501E-002
   3.81250000000000      -7.102688021587423E-003 -2.417269401765500E-002
   3.84375000000000      -6.943751945105434E-003 -2.394011730441225E-002
   3.87500000000000      -6.933149342456048E-003 -2.360575135832246E-002
   3.90625000000000      -7.142458276161462E-003 -2.317500794234389E-002
   3.93750000000000      -7.817284920830407E-003 -2.303590059651377E-002
   3.96875000000000      -8.212181295537817E-003 -2.323760959195892E-002
   4.00000000000000      -8.481212600907079E-003 -2.345389799762608E-002
   4.03125000000000      -8.681406504737272E-003 -2.367344045927739E-002
   4.06250000000000      -8.833494768550736E-003 -2.389351814855088E-002
   4.09375000000000      -8.945245711699551E-003 -2.411332589133770E-002
   4.12500000000000      -9.002314702715480E-003 -2.432497459054472E-002
   4.15625000000000      -9.077666724964574E-003 -2.448396974792134E-002
   4.18750000000000      -9.153360008860306E-003 -2.467134796659145E-002
   4.21875000000000      -9.213485551074568E-003 -2.487340670908132E-002
   4.25000000000000      -9.254545503510436E-003 -2.508723882030827E-002
   4.28125000000000      -9.273474922435732E-003 -2.531224265968513E-002
   4.31250000000000      -9.264321729943771E-003 -2.555059130664212E-002
   4.34375000000000      -9.186395018387018E-003 -2.581435140056389E-002
   4.37500000000000      -9.058079733834235E-003 -2.596450699912860E-002
   4.40625000000000      -8.967695764661878E-003 -2.608069586208113E-002
   4.43750000000000      -8.900584836328789E-003 -2.617784154585991E-002
   4.46875000000000      -8.858016584832642E-003 -2.625988374185600E-002
   4.50000000000000      -8.847304722813922E-003 -2.632796338466593E-002
   4.53125000000000      -8.885966835706118E-003 -2.638017959877162E-002
   4.56250000000000      -9.036901849108221E-003 -2.640190934756054E-002
   4.59375000000000      -9.381768193126935E-003 -2.672142102731660E-002
   4.62500000000000      -9.507079075255319E-003 -2.717886561389880E-002
   4.65625000000000      -9.534862062658387E-003 -2.766603006498017E-002
   4.68750000000000      -9.488108015930984E-003 -2.818017080663226E-002
   4.71875000000000      -9.371073522950187E-003 -2.872493913590200E-002
   4.75000000000000      -9.176177942726699E-003 -2.930973553600353E-002
   4.78125000000000      -8.874856035749341E-003 -2.995689432691413E-002
   4.81250000000000      -8.244751535473285E-003 -3.068846083941110E-002
   4.84375000000000      -7.494171670923946E-003 -3.097111157024013E-002
   4.87500000000000      -6.855544111254996E-003 -3.116067767441761E-002
   4.90625000000000      -6.260167412866827E-003 -3.130572123434704E-002
   4.93750000000000      -5.685432839250308E-003 -3.142356822156065E-002
   4.96875000000000      -5.115868500111414E-003 -3.152589013462007E-002
   5.00000000000000      -4.533708448724725E-003 -3.162446703399370E-002
   5.03125000000000      -3.904894689365764E-003 -3.173797856389553E-002
   5.06250000000000      -3.021576471747269E-003 -3.185772104450475E-002
   5.09375000000000      -2.152348584738579E-003 -3.151991511027752E-002
   5.12500000000000      -1.465082267177677E-003 -3.109224509856874E-002
   5.15625000000000      -8.928201724253061E-004 -3.060870130370871E-002
   5.18750000000000      -4.209243759827424E-004 -3.008103716202037E-002
   5.21875000000000      -4.817764651483519E-005 -2.951586816973012E-002
   5.25000000000000       2.170000346784677E-004 -2.891727642895587E-002
   5.28125000000000       3.505447418793364E-004 -2.828671096483498E-002
   5.31250000000000       2.667635946016787E-004 -2.761606383092713E-002
   5.34375000000000      -1.340140172060554E-004 -2.736442409538180E-002
   5.37500000000000      -2.469828958176144E-004 -2.728991655158261E-002
   5.40625000000000      -2.712813244562213E-004 -2.721913324586566E-002
   5.43750000000000      -2.520787788460764E-004 -2.714649144214605E-002
   5.46875000000000      -2.094402000049851E-004 -2.707090500185357E-002
   5.50000000000000      -1.552442736774016E-004 -2.699285095826773E-002
   5.53125000000000      -9.816327441880370E-005 -2.691365447939563E-002
   5.56250000000000      -4.676409495303337E-005 -2.683523189191795E-002
   5.59375000000000      -2.100903184859601E-005 -2.675843559931634E-002
   5.62500000000000      -1.009930281882462E-005 -2.677270910612048E-002
   5.65625000000000       6.077398140962748E-005 -2.680547970643299E-002
   5.68750000000000       1.618961569791383E-004 -2.684471244788365E-002
   5.71875000000000       2.883516552512479E-004 -2.689005053506284E-002
   5.75000000000000       4.397441764724751E-004 -2.694216599208568E-002
   5.78125000000000       6.187226737659826E-004 -2.700249903901075E-002
   5.81250000000000       8.319283418716800E-004 -2.707361963427952E-002
   5.84375000000000       1.094438547320467E-003 -2.716059026161962E-002
   5.87500000000000       1.453762266815299E-003 -2.727803495040792E-002
   5.90625000000000       2.048116391393114E-003 -2.719000932384617E-002
   5.93750000000000       2.459595371927984E-003 -2.691353017322872E-002
   5.96875000000000       2.783731719633292E-003 -2.661211706806296E-002
   6.00000000000000       3.048695793603168E-003 -2.629471007854209E-002
   6.03125000000000       3.264269101341348E-003 -2.596496571075826E-002
   6.06250000000000       3.433548718043052E-003 -2.562477263507272E-002
   6.09375000000000       3.555229417358968E-003 -2.527509257370563E-002
   6.12500000000000       3.622843041793320E-003 -2.491612490634565E-002
   6.15625000000000       3.619111457300873E-003 -2.454685581272187E-002
   6.18750000000000       3.469319636348432E-003 -2.416028582188900E-002
   6.21875000000000       3.218979925889849E-003 -2.409663355602990E-002
   6.25000000000000       3.136349192140953E-003 -2.407279994048340E-002
   6.28125000000000       3.107857516975657E-003 -2.405269326272038E-002
   6.31250000000000       3.112399649894937E-003 -2.403375169050453E-002
   6.34375000000000       3.140549267941338E-003 -2.401460165551820E-002
   6.37500000000000       3.187069849533834E-003 -2.399416499653749E-002
   6.40625000000000       3.248706920252376E-003 -2.397128830828200E-002
   6.43750000000000       3.323272572680350E-003 -2.394435499139881E-002
   6.46875000000000       3.409120659181753E-003 -2.391038941685427E-002
   6.50000000000000       3.504350148239486E-003 -2.386056971737588E-002
   6.53125000000000       3.561756737509233E-003 -2.379174484804480E-002
   6.56250000000000       3.614672361286055E-003 -2.376437235215891E-002
   6.59375000000000       3.680559850897104E-003 -2.375373996425725E-002
   6.62500000000000       3.759980324510170E-003 -2.375464965553410E-002
   6.65625000000000       3.853907248178563E-003 -2.376485091627161E-002
   6.68750000000000       3.963800985174856E-003 -2.378315779391577E-002
   6.71875000000000       4.091864945416158E-003 -2.380900161621373E-002
   6.75000000000000       4.241594949139859E-003 -2.384236947705669E-002
   6.78125000000000       4.419122196810312E-003 -2.388405699703295E-002
   6.81250000000000       4.637615944708572E-003 -2.393679269853857E-002
   6.84375000000000       4.955250458064061E-003 -2.401577796172993E-002
   6.87500000000000       5.353545775443599E-003 -2.386271890588671E-002
   6.90625000000000       5.636775487818001E-003 -2.367192731019247E-002
   6.93750000000000       5.876225938517906E-003 -2.346951530769546E-002
   6.96875000000000       6.085742771935890E-003 -2.325924281041487E-002
   7.00000000000000       6.271309447960170E-003 -2.304268902002026E-002
   7.03125000000000       6.435829927070394E-003 -2.282058779089060E-002
   7.06250000000000       6.580448015715565E-003 -2.259318990070986E-002
   7.09375000000000       6.704860305788206E-003 -2.236034412539970E-002
   7.12500000000000       6.806948456557974E-003 -2.212138692053597E-002
   7.15625000000000       6.880993501886598E-003 -2.187463039112957E-002
   7.18750000000000       6.907454418256223E-003 -2.161446721910242E-002
   7.21875000000000       6.837019246316320E-003 -2.144156962781131E-002
   7.25000000000000       6.834305391270865E-003 -2.133499501400594E-002
   7.28125000000000       6.857460969132261E-003 -2.123550836884874E-002
   7.31250000000000       6.895156029342380E-003 -2.114014556515918E-002
   7.34375000000000       6.942918519822634E-003 -2.104780282817826E-002
   7.37500000000000       6.998562744457953E-003 -2.095799151607852E-002
   7.40625000000000       7.061037692210583E-003 -2.087052856067170E-002
   7.43750000000000       7.130057253541299E-003 -2.078543949379397E-002
   7.46875000000000       7.206067223232525E-003 -2.070295279599067E-002
   7.50000000000000       7.290560242318110E-003 -2.062358803767876E-002
   7.53125000000000       7.387344220803794E-003 -2.054849647230519E-002
   7.56250000000000       7.511311633757799E-003 -2.048173185130883E-002
   7.59375000000000       7.673777664461693E-003 -2.035039513863211E-002
   7.62500000000000       7.795072377159130E-003 -2.019727844110007E-002
   7.65625000000000       7.900415073967973E-003 -2.004015080433681E-002
   7.68750000000000       7.994619516587680E-003 -1.988042364294722E-002
   7.71875000000000       8.079644649517737E-003 -1.971875700393247E-002
   7.75000000000000       8.156419184929544E-003 -1.955554344588872E-002
   7.78125000000000       8.225338120454772E-003 -1.939104738615759E-002
   7.81250000000000       8.286426936002060E-003 -1.922545992901966E-002
   7.84375000000000       8.339359498072229E-003 -1.905892216347894E-002
   7.87500000000000       8.383336100756970E-003 -1.889152957675632E-002
   7.90625000000000       8.416642329448189E-003 -1.872330787507415E-002
   7.93750000000000       8.434678601941699E-003 -1.855405657710591E-002
   7.96875000000000       8.419422312908462E-003 -1.840525161788811E-002
   8.00000000000000       8.424273568894011E-003 -1.828698978961484E-002
   8.03125000000000       8.438077065296196E-003 -1.816926887196112E-002
   8.06250000000000       8.454992271711243E-003 -1.805165931494254E-002
   8.09375000000000       8.472720005127913E-003 -1.793404488375997E-002
   8.12500000000000       8.489894280309761E-003 -1.781638541258514E-002
   8.15625000000000       8.505489921119736E-003 -1.769866847962049E-002
   8.18750000000000       8.518580835394444E-003 -1.758089251624172E-002
   8.21875000000000       8.528182422015789E-003 -1.746305808218824E-002
   8.25000000000000       8.533078763609016E-003 -1.734516014948333E-002
   8.28125000000000       8.531523767961128E-003 -1.722717550655966E-002
   8.31250000000000       8.520497595728550E-003 -1.710902976056621E-002
   8.34375000000000       8.492732051585659E-003 -1.699045351835908E-002
   8.37500000000000       8.418914024906170E-003 -1.690264709899886E-002
   8.40625000000000       8.383006316525251E-003 -1.686698601812726E-002
   8.43750000000000       8.369091212443273E-003 -1.683274189772828E-002
   8.46875000000000       8.367614652061130E-003 -1.679935428921434E-002
   8.50000000000000       8.375151206286621E-003 -1.676660926162961E-002
   8.53125000000000       8.389916317850092E-003 -1.673438543794620E-002
   8.56250000000000       8.410824995551706E-003 -1.670260033363819E-002
   8.59375000000000       8.437159407207738E-003 -1.667119082559802E-002
   8.62500000000000       8.468419558475349E-003 -1.664010352139483E-002
   8.65625000000000       8.504244515973331E-003 -1.660928826046498E-002
   8.68750000000000       8.544363472031104E-003 -1.657869141877011E-002
   8.71875000000000       8.588554957660933E-003 -1.654824476196592E-002
   8.75000000000000       8.636584117519445E-003 -1.651783621706970E-002
   8.78125000000000       8.687938434993221E-003 -1.648716127907757E-002
   8.81250000000000       8.740632500306020E-003 -1.645857238952579E-002
   8.84375000000000       8.799353333377617E-003 -1.643258500645049E-002
   8.87500000000000       8.863449019663423E-003 -1.640732286682364E-002
   8.90625000000000       8.932851304854703E-003 -1.638269213522735E-002
   8.93750000000000       9.007774020497255E-003 -1.635869371909159E-002
   8.96875000000000       9.088609445585509E-003 -1.633536600916063E-002
   9.00000000000000       9.175931315007354E-003 -1.631277414274808E-002
   9.03125000000000       9.270539181645244E-003 -1.629101076813462E-002
   9.06250000000000       9.373545978479144E-003 -1.627020352611364E-002
   9.09375000000000       9.486537291834546E-003 -1.625053079790729E-002
   9.12500000000000       9.611876638960352E-003 -1.623225282660833E-002
   9.15625000000000       9.753362053091023E-003 -1.621577890239741E-002
   9.18750000000000       9.917944346958574E-003 -1.620184246235464E-002
   9.21875000000000       1.012235593299014E-002 -1.619217177724865E-002
   9.25000000000000       1.044901182488452E-002 -1.612871998986064E-002
   9.28125000000000       1.069752018368043E-002 -1.591029974390473E-002
   9.31250000000000       1.088441766355146E-002 -1.568530337662483E-002
   9.34375000000000       1.103701653096846E-002 -1.545662982008413E-002
   9.37500000000000       1.116421330776394E-002 -1.522528569722695E-002
   9.40625000000000       1.127029801338524E-002 -1.499179688708986E-002
   9.43750000000000       1.135758546499967E-002 -1.475648327677091E-002
   9.46875000000000       1.142728609270392E-002 -1.451955239485514E-002
   9.50000000000000       1.147984631258929E-002 -1.428113853839073E-002
   9.53125000000000       1.151505750931262E-002 -1.404131898753292E-002
   9.56250000000000       1.153200919381285E-002 -1.380011643061096E-002
   9.59375000000000       1.152885769678925E-002 -1.355748737995195E-002
   9.62500000000000       1.150223779218371E-002 -1.331328568180386E-002
   9.65625000000000       1.144568221548095E-002 -1.306715793324776E-002
   9.68750000000000       1.134378377434393E-002 -1.281814333687100E-002
   9.71875000000000       1.111227079775331E-002 -1.260676595890716E-002
   9.75000000000000       1.094166844291014E-002 -1.257790713806194E-002
   9.78125000000000       1.083815174797276E-002 -1.255387508748302E-002
   9.81250000000000       1.076673454315921E-002 -1.253217109850197E-002
   9.84375000000000       1.071693281206825E-002 -1.251205941550026E-002
   9.87500000000000       1.068368833155007E-002 -1.249319253778987E-002
   9.90625000000000       1.066413884844983E-002 -1.247537997443326E-002
   9.93750000000000       1.065656455823507E-002 -1.245851340561070E-002
   9.96875000000000       1.065995148002478E-002 -1.244253613153099E-002
   10.0000000000000       1.067379618501918E-002 -1.242742996657569E-002
   10.0312500000000       1.069803476092295E-002 -1.241321137362111E-002
   10.0625000000000       1.073306503851590E-002 -1.239993498272428E-002
   10.0937500000000       1.077988530319001E-002 -1.238770696860887E-002
   10.1250000000000       1.084046487960191E-002 -1.237671871576336E-002
   10.1562500000000       1.091878364271859E-002 -1.236733948888110E-002
   10.1875000000000       1.102499957966914E-002 -1.236048468154970E-002
   10.2187500000000       1.120685625384357E-002 -1.231652005845767E-002
   10.2500000000000       1.134110037304682E-002 -1.218580138226740E-002
   10.2812500000000       1.144335713280005E-002 -1.205214055248995E-002
   10.3125000000000       1.152902188677098E-002 -1.191694372981263E-002
   10.3437500000000       1.160332763951787E-002 -1.178070811881615E-002
   10.3750000000000       1.166892216474082E-002 -1.164369676612859E-002
   10.4062500000000       1.172737761650087E-002 -1.150607485891367E-002
   10.4375000000000       1.177971139402271E-002 -1.136795750385582E-002
   10.4687500000000       1.182661422429640E-002 -1.122943120265594E-002
   10.5000000000000       1.186856432282429E-002 -1.109056519653371E-002
   10.5312500000000       1.190588841796302E-002 -1.095141834205128E-002
   10.5625000000000       1.193879342219105E-002 -1.081204399970895E-002
   10.5937500000000       1.196737732363586E-002 -1.067249440275212E-002
   10.6250000000000       1.199161762627874E-002 -1.053282601349649E-002
   10.6562500000000       1.201131819096481E-002 -1.039310894286755E-002
   10.6875000000000       1.202592786053853E-002 -1.025345135250573E-002
   10.7187500000000       1.203355246471303E-002 -1.011411919397695E-002
   10.7500000000000       1.203335683618807E-002 -9.985815559218382E-003
   10.7812500000000       1.203948290683730E-002 -9.860846817640207E-003
   10.8125000000000       1.204591094672940E-002 -9.735246491757827E-003
   10.8437500000000       1.205141085880441E-002 -9.609175224084505E-003
   10.8750000000000       1.205543465807253E-002 -9.482708875868145E-003
   10.9062500000000       1.205764041490667E-002 -9.355893991953782E-003
   10.9375000000000       1.205776528568139E-002 -9.228762588038029E-003
   10.9687500000000       1.205557305643216E-002 -9.101337847257312E-003
   11.0000000000000       1.205082449300213E-002 -8.973636658540261E-003
   11.0312500000000       1.204325436677365E-002 -8.845670696822013E-003
   11.0625000000000       1.203254729556396E-002 -8.717446591472134E-003
   11.0937500000000       1.201830550141113E-002 -8.588965251782333E-003
   11.1250000000000       1.199999794741998E-002 -8.460220029749757E-003
   11.1562500000000       1.197686864725763E-002 -8.331192721600373E-003
   11.1875000000000       1.194774611101201E-002 -8.201844546412948E-003
   11.2187500000000       1.191056051230912E-002 -8.072092263591436E-003
   11.2500000000000       1.186058754718024E-002 -7.941718594633366E-003
   11.2812500000000       1.177282021473706E-002 -7.823394732123854E-003
   11.3125000000000       1.170488042497709E-002 -7.758939511595037E-003
   11.3437500000000       1.165735942711890E-002 -7.695566646196676E-003
   11.3750000000000       1.161981696383970E-002 -7.632720694181341E-003
   11.4062500000000       1.158907978752973E-002 -7.570236819737961E-003
   11.4375000000000       1.156359183823548E-002 -7.508037042570358E-003
   11.4687500000000       1.154245308002933E-002 -7.446078711895946E-003
   11.5000000000000       1.152510398243817E-002 -7.384337682020046E-003
   11.5312500000000       1.151119237261514E-002 -7.322801299719947E-003
   11.5625000000000       1.150051018110471E-002 -7.261465177293710E-003
   11.5937500000000       1.149296338025157E-002 -7.200331804432400E-003
   11.6250000000000       1.148856164251680E-002 -7.139410315320588E-003
   11.6562500000000       1.148742388533317E-002 -7.078717276654007E-003
   11.6875000000000       1.148980240177545E-002 -7.018278781979696E-003
   11.7187500000000       1.149613725446948E-002 -6.958134787932546E-003
   11.7500000000000       1.150717397456459E-002 -6.898348234130646E-003
   11.7812500000000       1.152424769600104E-002 -6.839026814623516E-003
   11.8125000000000       1.155016997965487E-002 -6.780390583344044E-003
   11.8437500000000       1.159492066959751E-002 -6.723204439140961E-003
   11.8750000000000       1.165907927560512E-002 -6.618931542483867E-003
   11.9062500000000       1.169303790587977E-002 -6.503654457566413E-003
   11.9375000000000       1.171641611618812E-002 -6.387493398080111E-003
   11.9687500000000       1.173296096000448E-002 -6.270760589004780E-003
   12.0000000000000       1.174432629212045E-002 -6.153602078054723E-003
   13.0000000000000       1.084091657734195E-002  0.000000000000000E+000
   14.0000000000000       1.006656539324610E-002  0.000000000000000E+000
   15.0000000000000       9.395461033696361E-003  0.000000000000000E+000
   16.0000000000000       8.808244719090337E-003  0.000000000000000E+000
   17.0000000000000       8.290112676790905E-003  0.000000000000000E+000
   18.0000000000000       7.829550861413632E-003  0.000000000000000E+000
   19.0000000000000       7.417469237128705E-003  0.000000000000000E+000
   20.0000000000000       7.046595775272270E-003  0.000000000000000E+000
   21.0000000000000       6.711043595497400E-003  0.000000000000000E+000
   22.0000000000000       6.405996159338428E-003  0.000000000000000E+000
   23.0000000000000       6.127474587193278E-003  0.000000000000000E+000
   24.0000000000000       5.872163146060225E-003  0.000000000000000E+000
   25.0000000000000       5.637276620217816E-003  0.000000000000000E+000
   26.0000000000000       5.420458288670977E-003  0.000000000000000E+000
   27.0000000000000       5.219700574275755E-003  0.000000000000000E+000
   28.0000000000000       5.033282696623050E-003  0.000000000000000E+000
   29.0000000000000       4.859721224325703E-003  0.000000000000000E+000
   30.0000000000000       4.697730516848180E-003  0.000000000000000E+000
   31.0000000000000       4.546190822756303E-003  0.000000000000000E+000
   32.0000000000000       4.404122359545169E-003  0.000000000000000E+000
   33.0000000000000       4.270664106225618E-003  0.000000000000000E+000
   34.0000000000000       4.145056338395453E-003  0.000000000000000E+000
   35.0000000000000       4.026626157298440E-003  0.000000000000000E+000
   36.0000000000000       3.914775430706816E-003  0.000000000000000E+000
   37.0000000000000       3.808970689336362E-003  0.000000000000000E+000
   38.0000000000000       3.708734618564353E-003  0.000000000000000E+000
   39.0000000000000       3.613638859113985E-003  0.000000000000000E+000
   40.0000000000000       3.523297887636135E-003  0.000000000000000E+000
   41.0000000000000       3.437363792815742E-003  0.000000000000000E+000
   42.0000000000000       3.355521797748700E-003  0.000000000000000E+000
   43.0000000000000       3.277486407103381E-003  0.000000000000000E+000
   44.0000000000000       3.202998079669214E-003  0.000000000000000E+000
   45.0000000000000       3.131820344565453E-003  0.000000000000000E+000
   46.0000000000000       3.063737293596639E-003  0.000000000000000E+000
   47.0000000000000       2.998551393732881E-003  0.000000000000000E+000
   48.0000000000000       2.936081573030113E-003  0.000000000000000E+000
   49.0000000000000       2.876161540927457E-003  0.000000000000000E+000
   50.0000000000000       2.818638310108908E-003  0.000000000000000E+000
   51.0000000000000       2.763370892263635E-003  0.000000000000000E+000
   52.0000000000000       2.710229144335489E-003  0.000000000000000E+000
   53.0000000000000       2.659092745385762E-003  0.000000000000000E+000
   54.0000000000000       2.609850287137878E-003  0.000000000000000E+000
   55.0000000000000       2.562398463735371E-003  0.000000000000000E+000
   56.0000000000000       2.516641348311525E-003  0.000000000000000E+000
   57.0000000000000       2.472489745709568E-003  0.000000000000000E+000
   58.0000000000000       2.429860612162851E-003  0.000000000000000E+000
   59.0000000000000       2.388676533990600E-003  0.000000000000000E+000
   60.0000000000000       2.348865258424090E-003  0.000000000000000E+000
   61.0000000000000       2.310359270581072E-003  0.000000000000000E+000
   62.0000000000000       2.273095411378152E-003  0.000000000000000E+000
   63.0000000000000       2.237014531832467E-003  0.000000000000000E+000
   64.0000000000000       2.202061179772584E-003  0.000000000000000E+000
   65.0000000000000       2.168183315468391E-003  0.000000000000000E+000
   66.0000000000000       2.135332053112809E-003  0.000000000000000E+000
   67.0000000000000       2.103461425454409E-003  0.000000000000000E+000
   68.0000000000000       2.072528169197726E-003  0.000000000000000E+000
   69.0000000000000       2.042491529064426E-003  0.000000000000000E+000
   70.0000000000000       2.013313078649220E-003  0.000000000000000E+000
   71.0000000000000       1.984956556414724E-003  0.000000000000000E+000
   72.0000000000000       1.957387715353408E-003  0.000000000000000E+000
   73.0000000000000       1.930574185006101E-003  0.000000000000000E+000
   74.0000000000000       1.904485344668181E-003  0.000000000000000E+000
   75.0000000000000       1.879092206739272E-003  0.000000000000000E+000
   76.0000000000000       1.854367309282176E-003  0.000000000000000E+000
   77.0000000000000       1.830284616953836E-003  0.000000000000000E+000
   78.0000000000000       1.806819429556992E-003  0.000000000000000E+000
   79.0000000000000       1.783948297537283E-003  0.000000000000000E+000
   80.0000000000000       1.761648943818068E-003  0.000000000000000E+000
   81.0000000000000       1.739900191425252E-003  0.000000000000000E+000
   82.0000000000000       1.718681896407871E-003  0.000000000000000E+000
   83.0000000000000       1.697974885607776E-003  0.000000000000000E+000
   84.0000000000000       1.677760898874350E-003  0.000000000000000E+000
   85.0000000000000       1.658022535358181E-003  0.000000000000000E+000
   86.0000000000000       1.638743203551691E-003  0.000000000000000E+000
   87.0000000000000       1.619907074775234E-003  0.000000000000000E+000
   88.0000000000000       1.601499039834607E-003  0.000000000000000E+000
   89.0000000000000       1.583504668600510E-003  0.000000000000000E+000
   90.0000000000000       1.565910172282727E-003  0.000000000000000E+000
   91.0000000000000       1.548702368191708E-003  0.000000000000000E+000
   92.0000000000000       1.531868646798320E-003  0.000000000000000E+000
   93.0000000000000       1.515396940918768E-003  0.000000000000000E+000
   94.0000000000000       1.499275696866440E-003  0.000000000000000E+000
   95.0000000000000       1.483493847425741E-003  0.000000000000000E+000
   96.0000000000000       1.468040786515056E-003  0.000000000000000E+000
   97.0000000000000       1.452906345416963E-003  0.000000000000000E+000
   98.0000000000000       1.438080770463729E-003  0.000000000000000E+000
   99.0000000000000       1.423554702075206E-003  0.000000000000000E+000
   100.000000000000       1.409319155054454E-003  0.000000000000000E+000
   101.000000000000       1.395365500053915E-003  0.000000000000000E+000
   102.000000000000       1.381685446131818E-003  0.000000000000000E+000
   103.000000000000       1.368271024324713E-003  0.000000000000000E+000
   104.000000000000       1.355114572167744E-003  0.000000000000000E+000
   105.000000000000       1.342208719099480E-003  0.000000000000000E+000
   106.000000000000       1.329546372692881E-003  0.000000000000000E+000
   107.000000000000       1.317120705658368E-003  0.000000000000000E+000
   108.000000000000       1.304925143568939E-003  0.000000000000000E+000
   109.000000000000       1.292953353260967E-003  0.000000000000000E+000
   110.000000000000       1.281199231867685E-003  0.000000000000000E+000
   111.000000000000       1.269656896445454E-003  0.000000000000000E+000
   112.000000000000       1.258320674155763E-003  0.000000000000000E+000
   113.000000000000       1.247185092968543E-003  0.000000000000000E+000
   114.000000000000       1.236244872854784E-003  0.000000000000000E+000
   115.000000000000       1.225494917438656E-003  0.000000000000000E+000
   116.000000000000       1.214930306081426E-003  0.000000000000000E+000
   117.000000000000       1.204546286371328E-003  0.000000000000000E+000
   118.000000000000       1.194338266995300E-003  0.000000000000000E+000
   119.000000000000       1.184301810970129E-003  0.000000000000000E+000
   120.000000000000       1.174432629212045E-003  0.000000000000000E+000
   121.000000000000       1.164726574425168E-003  0.000000000000000E+000
   122.000000000000       1.155179635290536E-003  0.000000000000000E+000
   123.000000000000       1.145787930938580E-003  0.000000000000000E+000
   124.000000000000       1.136547705689076E-003  0.000000000000000E+000
   125.000000000000       1.127455324043563E-003  0.000000000000000E+000
   126.000000000000       1.118507265916233E-003  0.000000000000000E+000
   127.000000000000       1.109700122090121E-003  0.000000000000000E+000
   128.000000000000       1.101030589886292E-003  0.000000000000000E+000
   129.000000000000       1.092495469034461E-003  0.000000000000000E+000
   130.000000000000       1.084091657734195E-003  0.000000000000000E+000
   131.000000000000       1.075816148896530E-003  0.000000000000000E+000
   132.000000000000       1.067666026556405E-003  0.000000000000000E+000
   133.000000000000       1.059638462446958E-003  0.000000000000000E+000
   134.000000000000       1.051730712727204E-003  0.000000000000000E+000
   135.000000000000       1.043940114855151E-003  0.000000000000000E+000
   136.000000000000       1.036264084598863E-003  0.000000000000000E+000
   137.000000000000       1.028700113178434E-003  0.000000000000000E+000
   138.000000000000       1.021245764532213E-003  0.000000000000000E+000
   139.000000000000       1.013898672701046E-003  0.000000000000000E+000
   140.000000000000       1.006656539324610E-003  0.000000000000000E+000
   141.000000000000       9.995171312442935E-004  0.000000000000000E+000
   142.000000000000       9.924782782073619E-004  0.000000000000000E+000
   143.000000000000       9.855378706674503E-004  0.000000000000000E+000
   144.000000000000       9.786938576767041E-004  0.000000000000000E+000
   145.000000000000       9.719442448651407E-004  0.000000000000000E+000
   146.000000000000       9.652870925030507E-004  0.000000000000000E+000
   147.000000000000       9.587205136424857E-004  0.000000000000000E+000
   148.000000000000       9.522426723340905E-004  0.000000000000000E+000
   149.000000000000       9.458517819157410E-004  0.000000000000000E+000
   150.000000000000       9.395461033696360E-004  0.000000000000000E+000
   151.000000000000       9.333239437446715E-004  0.000000000000000E+000
   152.000000000000       9.271836546410881E-004  0.000000000000000E+000
   153.000000000000       9.211236307545451E-004  0.000000000000000E+000
   154.000000000000       9.151423084769181E-004  0.000000000000000E+000
   155.000000000000       9.092381645512607E-004  0.000000000000000E+000
   156.000000000000       9.034097147784961E-004  0.000000000000000E+000
   157.000000000000       8.976555127735375E-004  0.000000000000000E+000
   158.000000000000       8.919741487686417E-004  0.000000000000000E+000
   159.000000000000       8.863642484619208E-004  0.000000000000000E+000
   160.000000000000       8.808244719090338E-004  0.000000000000000E+000
   161.000000000000       8.753535124561826E-004  0.000000000000000E+000
   162.000000000000       8.699500957126260E-004  0.000000000000000E+000
   163.000000000000       8.646129785610147E-004  0.000000000000000E+000
   164.000000000000       8.593409482039354E-004  0.000000000000000E+000
   165.000000000000       8.541328212451236E-004  0.000000000000000E+000
   166.000000000000       8.489874428038879E-004  0.000000000000000E+000
   167.000000000000       8.439036856613497E-004  0.000000000000000E+000
   168.000000000000       8.388804494371749E-004  0.000000000000000E+000
   169.000000000000       8.339166597955349E-004  0.000000000000000E+000
   170.000000000000       8.290112676790905E-004  0.000000000000000E+000
   171.000000000000       8.241632485698561E-004  0.000000000000000E+000
   172.000000000000       8.193716017758454E-004  0.000000000000000E+000
   173.000000000000       8.146353497424589E-004  0.000000000000000E+000
   174.000000000000       8.099535373876172E-004  0.000000000000000E+000
   175.000000000000       8.053252314596880E-004  0.000000000000000E+000
   176.000000000000       8.007495199173035E-004  0.000000000000000E+000
   177.000000000000       7.962255113302000E-004  0.000000000000000E+000
   178.000000000000       7.917523343002551E-004  0.000000000000000E+000
   179.000000000000       7.873291369019296E-004  0.000000000000000E+000
   180.000000000000       7.829550861413634E-004  0.000000000000000E+000
   181.000000000000       7.786293674334000E-004  0.000000000000000E+000
   182.000000000000       7.743511840958538E-004  0.000000000000000E+000
   183.000000000000       7.701197568603574E-004  0.000000000000000E+000
   184.000000000000       7.659343233991598E-004  0.000000000000000E+000
   185.000000000000       7.617941378672724E-004  0.000000000000000E+000
   186.000000000000       7.576984704593839E-004  0.000000000000000E+000
   187.000000000000       7.536466069809915E-004  0.000000000000000E+000
   188.000000000000       7.496378484332202E-004  0.000000000000000E+000
   189.000000000000       7.456715106108222E-004  0.000000000000000E+000
   190.000000000000       7.417469237128706E-004  0.000000000000000E+000
   191.000000000000       7.378634319656827E-004  0.000000000000000E+000
   192.000000000000       7.340203932575282E-004  0.000000000000000E+000
   193.000000000000       7.302171787846912E-004  0.000000000000000E+000
   194.000000000000       7.264531727084815E-004  0.000000000000000E+000
   195.000000000000       7.227277718227969E-004  0.000000000000000E+000
   196.000000000000       7.190403852318643E-004  0.000000000000000E+000
   197.000000000000       7.153904340377939E-004  0.000000000000000E+000
   198.000000000000       7.117773510376030E-004  0.000000000000000E+000
   199.000000000000       7.082005804293738E-004  0.000000000000000E+000
   200.000000000000       7.046595775272269E-004  0.000000000000000E+000
   201.000000000000       7.011538084848030E-004  0.000000000000000E+000
   202.000000000000       6.976827500269575E-004  0.000000000000000E+000
   203.000000000000       6.942458891893862E-004  0.000000000000000E+000
   204.000000000000       6.908427230659088E-004  0.000000000000000E+000
   205.000000000000       6.874727585631483E-004  0.000000000000000E+000
   206.000000000000       6.841355121623564E-004  0.000000000000000E+000
   207.000000000000       6.808305096881421E-004  0.000000000000000E+000
   208.000000000000       6.775572860838722E-004  0.000000000000000E+000
   209.000000000000       6.743153851935187E-004  0.000000000000000E+000
   210.000000000000       6.711043595497400E-004  0.000000000000000E+000
   211.000000000000       6.679237701679877E-004  0.000000000000000E+000
   212.000000000000       6.647731863464406E-004  0.000000000000000E+000
   213.000000000000       6.616521854715746E-004  0.000000000000000E+000
   214.000000000000       6.585603528291841E-004  0.000000000000000E+000
   215.000000000000       6.554972814206763E-004  0.000000000000000E+000
   216.000000000000       6.524625717844694E-004  0.000000000000000E+000
   217.000000000000       6.494558318223291E-004  0.000000000000000E+000
   218.000000000000       6.464766766304835E-004  0.000000000000000E+000
   219.000000000000       6.435247283353671E-004  0.000000000000000E+000
   220.000000000000       6.405996159338427E-004  0.000000000000000E+000
   221.000000000000       6.377009751377620E-004  0.000000000000000E+000
   222.000000000000       6.348284482227270E-004  0.000000000000000E+000
   223.000000000000       6.319816838809211E-004  0.000000000000000E+000
   224.000000000000       6.291603370778813E-004  0.000000000000000E+000
   225.000000000000       6.263640689130906E-004  0.000000000000000E+000
   226.000000000000       6.235925464842716E-004  0.000000000000000E+000
   227.000000000000       6.208454427552661E-004  0.000000000000000E+000
   228.000000000000       6.181224364273921E-004  0.000000000000000E+000
   229.000000000000       6.154232118141720E-004  0.000000000000000E+000
   230.000000000000       6.127474587193278E-004  0.000000000000000E+000
   231.000000000000       6.100948723179455E-004  0.000000000000000E+000
   232.000000000000       6.074651530407129E-004  0.000000000000000E+000
   233.000000000000       6.048580064611390E-004  0.000000000000000E+000
   234.000000000000       6.022731431856641E-004  0.000000000000000E+000
   235.000000000000       5.997102787465762E-004  0.000000000000000E+000
   236.000000000000       5.971691334976500E-004  0.000000000000000E+000
   237.000000000000       5.946494325124278E-004  0.000000000000000E+000
   238.000000000000       5.921509054850647E-004  0.000000000000000E+000
   239.000000000000       5.896732866336627E-004  0.000000000000000E+000
   240.000000000000       5.872163146060225E-004  0.000000000000000E+000
   241.000000000000       5.847797323877402E-004  0.000000000000000E+000
   242.000000000000       5.823632872125842E-004  0.000000000000000E+000
   243.000000000000       5.799667304750840E-004  0.000000000000000E+000
   244.000000000000       5.775898176452680E-004  0.000000000000000E+000
   245.000000000000       5.752323081854914E-004  0.000000000000000E+000
   246.000000000000       5.728939654692902E-004  0.000000000000000E+000
   247.000000000000       5.705745567022081E-004  0.000000000000000E+000
   248.000000000000       5.682738528445379E-004  0.000000000000000E+000
   249.000000000000       5.659916285359253E-004  0.000000000000000E+000
   250.000000000000       5.637276620217816E-004  0.000000000000000E+000
   251.000000000000       5.614817350814557E-004  0.000000000000000E+000
   252.000000000000       5.592536329581167E-004  0.000000000000000E+000
   253.000000000000       5.570431442902980E-004  0.000000000000000E+000
   254.000000000000       5.548500610450607E-004  0.000000000000000E+000
   255.000000000000       5.526741784527271E-004  0.000000000000000E+000
   256.000000000000       5.505152949431461E-004  0.000000000000000E+000
   257.000000000000       5.483732120834451E-004  0.000000000000000E+000
   258.000000000000       5.462477345172303E-004  0.000000000000000E+000
   259.000000000000       5.441386699051946E-004  0.000000000000000E+000
   260.000000000000       5.420458288670977E-004  0.000000000000000E+000
   261.000000000000       5.399690249250781E-004  0.000000000000000E+000
   262.000000000000       5.379080744482649E-004  0.000000000000000E+000
   263.000000000000       5.358627965986517E-004  0.000000000000000E+000
   264.000000000000       5.338330132782023E-004  0.000000000000000E+000
   265.000000000000       5.318185490771524E-004  0.000000000000000E+000
   266.000000000000       5.298192312234789E-004  0.000000000000000E+000
   267.000000000000       5.278348895335034E-004  0.000000000000000E+000
   268.000000000000       5.258653563636022E-004  0.000000000000000E+000
   269.000000000000       5.239104665629940E-004  0.000000000000000E+000
   270.000000000000       5.219700574275756E-004  0.000000000000000E+000
   271.000000000000       5.200439686547801E-004  0.000000000000000E+000
   272.000000000000       5.181320422994316E-004  0.000000000000000E+000
   273.000000000000       5.162341227305693E-004  0.000000000000000E+000
   274.000000000000       5.143500565892168E-004  0.000000000000000E+000
   275.000000000000       5.124796927470742E-004  0.000000000000000E+000
   276.000000000000       5.106228822661065E-004  0.000000000000000E+000
   277.000000000000       5.087794783590087E-004  0.000000000000000E+000
   278.000000000000       5.069493363505230E-004  0.000000000000000E+000
   279.000000000000       5.051323136395893E-004  0.000000000000000E+000
   280.000000000000       5.033282696623050E-004  0.000000000000000E+000
   281.000000000000       5.015370658556776E-004  0.000000000000000E+000
   282.000000000000       4.997585656221468E-004  0.000000000000000E+000
   283.000000000000       4.979926342948601E-004  0.000000000000000E+000
   284.000000000000       4.962391391036809E-004  0.000000000000000E+000
   285.000000000000       4.944979491419137E-004  0.000000000000000E+000
   286.000000000000       4.927689353337252E-004  0.000000000000000E+000
   287.000000000000       4.910519704022487E-004  0.000000000000000E+000
   288.000000000000       4.893469288383520E-004  0.000000000000000E+000
   289.000000000000       4.876536868700533E-004  0.000000000000000E+000
   290.000000000000       4.859721224325704E-004  0.000000000000000E+000
   291.000000000000       4.843021151389876E-004  0.000000000000000E+000
   292.000000000000       4.826435462515253E-004  0.000000000000000E+000
   293.000000000000       4.809962986533973E-004  0.000000000000000E+000
   294.000000000000       4.793602568212428E-004  0.000000000000000E+000
   295.000000000000       4.777353067981200E-004  0.000000000000000E+000
   296.000000000000       4.761213361670452E-004  0.000000000000000E+000
   297.000000000000       4.745182340250687E-004  0.000000000000000E+000
   298.000000000000       4.729258909578705E-004  0.000000000000000E+000
   299.000000000000       4.713441990148676E-004  0.000000000000000E+000
   300.000000000000       4.697730516848180E-004  0.000000000000000E+000
   301.000000000000       4.682123438719116E-004  0.000000000000000E+000
   302.000000000000       4.666619718723358E-004  0.000000000000000E+000
   303.000000000000       4.651218333513049E-004  0.000000000000000E+000
   304.000000000000       4.635918273205441E-004  0.000000000000000E+000
   305.000000000000       4.620718541162144E-004  0.000000000000000E+000
   306.000000000000       4.605618153772725E-004  0.000000000000000E+000
   307.000000000000       4.590616140242521E-004  0.000000000000000E+000
   308.000000000000       4.575711542384591E-004  0.000000000000000E+000
   309.000000000000       4.560903414415709E-004  0.000000000000000E+000
   310.000000000000       4.546190822756303E-004  0.000000000000000E+000
   311.000000000000       4.531572845834257E-004  0.000000000000000E+000
   312.000000000000       4.517048573892481E-004  0.000000000000000E+000
