  0.000000000000000E+000 -6.607680954123944E-002  2.805400437580485E-007
  7.812500000000000E-003 -6.607849654358940E-002 -3.815827667202204E-005
  1.562500000000000E-002 -6.627544069103374E-002  8.436381381298624E-005
  2.343750000000000E-002 -6.693108448139573E-002 -3.499743233712389E-004
  3.125000000000000E-002 -6.689821114351018E-002 -8.290157439215760E-004
  3.906250000000000E-002 -6.784908067211186E-002 -2.263016801175976E-003
  4.687500000000000E-002 -6.359440939640565E-002 -1.445545379369376E-003
  5.468750000000000E-002 -6.537050288722111E-002 -2.281151683868193E-004
  6.250000000000000E-002 -6.626113974886885E-002 -3.327609307264730E-004
  7.031250000000000E-002 -6.735810837031375E-002 -7.299635700754523E-004
  7.812500000000000E-002 -6.826411083802097E-002 -1.794241876373951E-003
  8.593750000000000E-002 -6.838215809228672E-002 -3.597524501940279E-003
  9.375000000000000E-002 -6.790299400056581E-002 -6.553541983810678E-003
  0.101562500000000      -6.320101904461464E-002 -6.938483332287446E-003
  0.109375000000000      -6.028273674366762E-002 -4.067244488173180E-003
  0.117187500000000      -6.078997268501768E-002 -9.158054639002641E-004
  0.125000000000000      -6.215016204165062E-002  2.064304554770576E-003
  0.132812500000000      -6.469795298475131E-002  2.374163459230368E-003
  0.140625000000000      -6.662775797249887E-002  2.662373397093690E-003
  0.148437500000000      -6.825599562926091E-002  1.846083753602724E-003
  0.156250000000000      -6.927722032213662E-002  1.380407367067141E-003
  0.164062500000000      -7.055000208810264E-002  8.038053543998579E-004
  0.171875000000000      -7.158968358961143E-002  8.833934101062577E-005
  0.179687500000000      -7.304682445149015E-002 -6.291240590398442E-004
  0.187500000000000      -7.441794803426026E-002 -2.456183000669077E-003
  0.195312500000000      -7.489472981031843E-002 -5.154063138563848E-003
  0.203125000000000      -7.338849320029313E-002 -6.746018974852785E-003
  0.210937500000000      -7.243290174798238E-002 -7.382089756792592E-003
  0.218750000000000      -7.174594374070828E-002 -7.557729083157029E-003
  0.226562500000000      -7.141923409862017E-002 -7.604337736925360E-003
  0.234375000000000      -7.146958423742042E-002 -7.507891869910886E-003
  0.242187500000000      -7.207010244756147E-002 -8.246800845205619E-003
  0.250000000000000      -7.173322192502427E-002 -9.768180536921731E-003
  0.257812500000000      -6.862476010013738E-002 -1.104901269548442E-002
  0.265625000000000      -6.718068249530831E-002 -7.617761471128064E-003
  0.273437500000000      -6.761320336982594E-002 -4.347047398066274E-003
  0.281250000000000      -7.367269843556140E-002 -1.962550094151954E-003
  0.289062500000000      -7.424034144997331E-002 -5.048621233386848E-003
  0.296875000000000      -7.478134176681704E-002 -5.484459379580506E-003
  0.304687500000000      -7.604512522011878E-002 -5.167017225468511E-003
  0.312500000000000      -7.794632017341246E-002 -6.659011204627457E-003
  0.320312500000000      -7.858922133610610E-002 -7.954463848560994E-003
  0.328125000000000      -7.873204492726016E-002 -8.821515791042935E-003
  0.335937500000000      -7.908999609996917E-002 -8.078180288465572E-003
  0.343750000000000      -8.110533702343133E-002 -7.534044606769139E-003
  0.351562500000000      -8.415973335824162E-002 -7.713709315674003E-003
  0.359375000000000      -8.748310066274095E-002 -9.911100431325905E-003
  0.367187500000000      -8.976605853993466E-002 -1.192810266569489E-002
  0.375000000000000      -9.287603623543392E-002 -1.445591696661191E-002
  0.382812500000000      -9.671351022437523E-002 -1.919618526604017E-002
  0.390625000000000      -9.594238023973488E-002 -2.611369246145737E-002
  0.398437500000000      -9.490750664933793E-002 -3.034377605421667E-002
  0.406250000000000      -9.384766056002145E-002 -3.498825101359344E-002
  0.414062500000000      -9.055826721256130E-002 -4.089949897173487E-002
  0.421875000000000      -8.544606131072302E-002 -4.151663561694142E-002
  0.429687500000000      -8.318651540485367E-002 -4.164168359852510E-002
  0.437500000000000      -8.229940346699438E-002 -4.208183451650691E-002
  0.445312500000000      -8.246537346457987E-002 -4.432834935891759E-002
  0.453125000000000      -8.049120559931731E-002 -4.717614541469430E-002
  0.460937500000000      -7.812480405536801E-002 -4.956986820109671E-002
  0.468750000000000      -7.554123921714391E-002 -5.169513954430794E-002
  0.476562500000000      -7.255038941241140E-002 -5.473638339066647E-002
  0.484375000000000      -6.608144028317894E-002 -5.496318431335066E-002
  0.492187500000000      -6.238569655167586E-002 -5.281592253081152E-002
  0.500000000000000      -6.053179037496489E-002 -5.045224989176492E-002
  0.507812500000000      -6.081606608606678E-002 -4.862825963108441E-002
  0.515625000000000      -6.093298408704412E-002 -5.122168596192352E-002
  0.523437500000000      -5.788998792143288E-002 -5.236342324915187E-002
  0.531250000000000      -5.459208187771906E-002 -5.250507840369407E-002
  0.539062500000000      -5.091061345643055E-002 -5.177755845614349E-002
  0.546875000000000      -4.647244445288082E-002 -4.885796968802100E-002
  0.554687500000000      -4.648353080434096E-002 -4.468036260905812E-002
  0.562500000000000      -4.690837916834650E-002 -4.252459469908394E-002
  0.570312500000000      -4.725455679474892E-002 -4.104673283648765E-002
  0.578125000000000      -4.748759695962269E-002 -3.979748891491787E-002
  0.585937500000000      -4.799487500640796E-002 -3.825160535742365E-002
  0.593750000000000      -4.917655898711444E-002 -3.752598535185037E-002
  0.601562500000000      -5.018173232324517E-002 -3.724553030113437E-002
  0.609375000000000      -5.122424452711592E-002 -3.716058107029324E-002
  0.617187500000000      -5.269758511213510E-002 -3.727225673373478E-002
  0.625000000000000      -5.574747284803528E-002 -3.938557239170849E-002
  0.632812500000000      -5.530608930135991E-002 -4.364444700111411E-002
  0.640625000000000      -5.315290603502198E-002 -4.724135782659294E-002
  0.648437500000000      -4.931174685999489E-002 -5.024248364253571E-002
  0.656250000000000      -4.328732288812703E-002 -5.185641761853436E-002
  0.664062500000000      -3.412223039036456E-002 -4.882497504178623E-002
  0.671875000000000      -3.419943982742946E-002 -4.036453993305691E-002
  0.679687500000000      -3.588032798817920E-002 -3.676696671116112E-002
  0.687500000000000      -3.764921070312673E-002 -3.481038037733612E-002
  0.695312500000000      -3.934068196404069E-002 -3.417913651735748E-002
  0.703125000000000      -4.015171376231898E-002 -3.546047076912284E-002
  0.710937500000000      -3.615670188275547E-002 -3.526347633197064E-002
  0.718750000000000      -3.529718020626026E-002 -3.187473819458442E-002
  0.726562500000000      -3.535152040467648E-002 -2.886009496896458E-002
  0.734375000000000      -3.608535389678066E-002 -2.569970262219203E-002
  0.742187500000000      -3.778693921609814E-002 -2.233616906331268E-002
  0.750000000000000      -4.127362148797457E-002 -1.880312985511942E-002
  0.757812500000000      -4.742033196108678E-002 -1.943934051936613E-002
  0.765625000000000      -4.994552492317506E-002 -2.156535858790645E-002
  0.773437500000000      -5.149572118022559E-002 -2.346168527014383E-002
  0.781250000000000      -5.237460566805918E-002 -2.538894851952998E-002
  0.789062500000000      -5.238327322268800E-002 -2.748245470801122E-002
  0.796875000000000      -5.055194726952943E-002 -2.955616752885040E-002
  0.804687500000000      -4.707031093838634E-002 -2.661179079726219E-002
  0.812500000000000      -4.827611215679080E-002 -2.370856729437362E-002
  0.820312500000000      -5.003269519397853E-002 -2.180174502400705E-002
  0.828125000000000      -5.212071467968336E-002 -2.019019510339969E-002
  0.835937500000000      -5.473169053208285E-002 -1.859497192253863E-002
  0.843750000000000      -5.842283164191632E-002 -1.694574874596425E-002
  0.851562500000000      -6.513525026392640E-002 -1.704802424976800E-002
  0.859375000000000      -6.872709885325176E-002 -2.042296886168993E-002
  0.867187500000000      -7.172049145172420E-002 -2.300084149319066E-002
  0.875000000000000      -7.479890387439027E-002 -2.567009672007734E-002
  0.882812500000000      -7.811968137466811E-002 -2.887067923641462E-002
  0.890625000000000      -8.170886503157038E-002 -3.313600117045137E-002
  0.898437500000000      -8.537297495361203E-002 -3.950750894229366E-002
  0.906250000000000      -8.478512761029804E-002 -5.004124642920485E-002
  0.914062500000000      -8.038203880145275E-002 -5.600335892130747E-002
  0.921875000000000      -7.622706881991301E-002 -6.041058138143682E-002
  0.929687500000000      -7.185730311033288E-002 -6.418349551168420E-002
  0.937500000000000      -6.669085180719148E-002 -6.755497062416349E-002
  0.945312500000000      -5.985690732139883E-002 -7.018444854963635E-002
  0.953125000000000      -5.005947937475468E-002 -7.048288785569823E-002
  0.960937500000000      -3.931526352698700E-002 -5.997379646030914E-002
  0.968750000000000      -4.102061622945312E-002 -4.936392355986147E-002
  0.976562500000000      -4.533109321947146E-002 -4.229324016019317E-002
  0.984375000000000      -5.130130491745837E-002 -3.740618385183005E-002
  0.992187500000000      -5.872237152912833E-002 -3.449845651463972E-002
   1.00000000000000      -6.755949154637156E-002 -3.382549297242280E-002
   1.00781250000000      -7.783777710759918E-002 -3.615549276813305E-002
   1.01562500000000      -8.982004058102447E-002 -4.406924914679424E-002
   1.02343750000000      -9.212187454665227E-002 -5.825778414322438E-002
   1.03125000000000      -9.174681831243120E-002 -6.808000847226697E-002
   1.03906250000000      -9.052010352578757E-002 -7.709710507395856E-002
   1.04687500000000      -8.832742522225917E-002 -8.604545716920675E-002
   1.05468750000000      -8.479674934657778E-002 -9.525022441755147E-002
   1.06250000000000      -7.924100410365230E-002 -0.104798175798054     
   1.07031250000000      -7.032962134739419E-002 -0.114368437673519     
   1.07812500000000      -5.387258590437562E-002 -0.120082304317761     
   1.08593750000000      -4.291883734103907E-002 -0.115554498900703     
   1.09375000000000      -3.595842528019688E-002 -0.111504918824815     
   1.10156250000000      -3.111225697773040E-002 -0.107691658879021     
   1.10937500000000      -2.789919803139530E-002 -0.104253334115205     
   1.11718750000000      -2.610162571991324E-002 -0.101450345898112     
   1.12500000000000      -2.556702572467380E-002 -9.968817567278467E-002
   1.13281250000000      -2.611145454509513E-002 -9.964372575001927E-002
   1.14062500000000      -2.753515391018846E-002 -0.103333374079595     
   1.14843750000000      -2.126985299959405E-002 -0.109164170775628     
   1.15625000000000      -1.432211909093274E-002 -0.110846856238793     
   1.16406250000000      -7.452816010223934E-003 -0.111008100636822     
   1.17187500000000      -6.538927745251590E-004 -0.110111072834649     
   1.17968750000000       6.115829411604101E-003 -0.108284859614868     
   1.18750000000000       1.290040842490129E-002 -0.105493806487611     
   1.19531250000000       1.975038777065770E-002 -0.101539204029241     
   1.20312500000000       2.678084992138849E-002 -9.584499122529161E-002
   1.21093750000000       3.181192343843156E-002 -8.534016533789568E-002
   1.21875000000000       3.135457611689792E-002 -7.708055790455054E-002
   1.22656250000000       3.020583458478825E-002 -7.056804422523907E-002
   1.23437500000000       2.847245775518750E-002 -6.501978754421321E-002
   1.24218750000000       2.614064436925573E-002 -6.024399599976201E-002
   1.25000000000000       2.315646661259882E-002 -5.624912113508094E-002
   1.25781250000000       1.944749122849482E-002 -5.320308857016057E-002
   1.26562500000000       1.494485968384978E-002 -5.149770503897062E-002
   1.27343750000000       9.620961737149738E-003 -5.204335149531592E-002
   1.28125000000000       6.513919294714048E-003 -5.826955999749046E-002
   1.28906250000000       9.225155794573323E-003 -6.166520394712893E-002
   1.29687500000000       1.217570065819511E-002 -6.303257669993732E-002
   1.30468750000000       1.520711402921530E-002 -6.331573063652152E-002
   1.31250000000000       1.825844641921685E-002 -6.280297468819332E-002
   1.32031250000000       2.128547415928240E-002 -6.161094589614860E-002
   1.32812500000000       2.424940564912730E-002 -5.978010832690778E-002
   1.33593750000000       2.713072678185912E-002 -5.728577530329813E-002
   1.34375000000000       2.993425284061849E-002 -5.389151707752828E-002
   1.35156250000000       3.227508513384840E-002 -4.880029922865773E-002
   1.35937500000000       3.053807169743623E-002 -4.356960311939666E-002
   1.36718750000000       2.897162386357167E-002 -4.073051401926228E-002
   1.37500000000000       2.773545464605607E-002 -3.853465091371961E-002
   1.38281250000000       2.672981798728453E-002 -3.665469701013199E-002
   1.39062500000000       2.589402868977493E-002 -3.493862282543927E-002
   1.39843750000000       2.518152644544416E-002 -3.329236545859360E-002
   1.40625000000000       2.454655624814123E-002 -3.164464003825616E-002
   1.41406250000000       2.393008354667772E-002 -2.993252674810818E-002
   1.42187500000000       2.323176371211156E-002 -2.809742632514017E-002
   1.42968750000000       2.216475782838147E-002 -2.612137202506255E-002
   1.43750000000000       2.091611622446619E-002 -2.471794189150942E-002
   1.44531250000000       1.980351899676919E-002 -2.331158497340259E-002
   1.45312500000000       1.863065992291501E-002 -2.189227184993265E-002
   1.46093750000000       1.730346608000113E-002 -2.047489011486203E-002
   1.46875000000000       1.572731033273782E-002 -1.912047956572257E-002
   1.47656250000000       1.381954638231285E-002 -1.796317662989762E-002
   1.48437500000000       1.156129539088811E-002 -1.723644476303582E-002
   1.49218750000000       9.101776428069478E-003 -1.726509456008971E-002
   1.50000000000000       6.904875280049825E-003 -1.835698017350931E-002
   1.50781250000000       5.909367126678826E-003 -2.053876567665843E-002
   1.51562500000000       7.489589553199037E-003 -2.159629973758414E-002
   1.52343750000000       8.099634947732186E-003 -2.101182297210745E-002
   1.53125000000000       8.303319461298656E-003 -2.026165182131217E-002
   1.53906250000000       8.289550400449014E-003 -1.937807143242930E-002
   1.54687500000000       8.092538986215477E-003 -1.836527526716840E-002
   1.55468750000000       7.694132883395256E-003 -1.722465536690330E-002
   1.56250000000000       7.042813293336544E-003 -1.596530907902896E-002
   1.57031250000000       6.055224324774768E-003 -1.461503907328974E-002
   1.57812500000000       4.608116626167818E-003 -1.323870267940754E-002
   1.58593750000000       2.512132511142556E-003 -1.197925469948408E-002
   1.59375000000000      -6.138782016939723E-004 -1.121175009182292E-002
   1.60156250000000      -4.010608220062176E-003 -1.325815958694278E-002
   1.60937500000000      -5.114773800336772E-003 -1.531575439989663E-002
   1.61718750000000      -5.684811009122468E-003 -1.697680518875132E-002
   1.62500000000000      -5.931040159677509E-003 -1.841054685173201E-002
   1.63281250000000      -5.927377402635273E-003 -1.966934839264419E-002
   1.64062500000000      -5.708624064188025E-003 -2.076661693745853E-002
   1.64843750000000      -5.294981249198982E-003 -2.169363631827938E-002
   1.65625000000000      -4.702991537120723E-003 -2.242370310487356E-002
   1.66406250000000      -3.953711823867223E-003 -2.291084374880959E-002
   1.67187500000000      -3.082896801393641E-003 -2.308229479693606E-002
   1.67968750000000      -2.161907912630458E-003 -2.280983734392290E-002
   1.68750000000000      -1.560441020334001E-003 -2.160017723773592E-002
   1.69531250000000      -2.301691486144015E-003 -2.103122632075229E-002
   1.70312500000000      -2.792355277283866E-003 -2.098356765577675E-002
   1.71093750000000      -3.125237151804329E-003 -2.110519368195402E-002
   1.71875000000000      -3.334552287708424E-003 -2.130218927727532E-002
   1.72656250000000      -3.441444326672330E-003 -2.152966241683887E-002
   1.73437500000000      -3.461123917921451E-003 -2.176138465203218E-002
   1.74218750000000      -3.405461251659369E-003 -2.198009720000439E-002
   1.75000000000000      -3.284138680921804E-003 -2.217344875707803E-002
   1.75781250000000      -3.105032623239426E-003 -2.233197267775927E-002
   1.76562500000000      -2.873693826831940E-003 -2.244782628724078E-002
   1.77343750000000      -2.589979836078407E-003 -2.251329756753417E-002
   1.78125000000000      -2.202851450859945E-003 -2.250548919251634E-002
   1.78906250000000      -1.934755011115868E-003 -2.225853714312896E-002
   1.79687500000000      -1.753042077890437E-003 -2.206285890689466E-002
   1.80468750000000      -1.589171335273441E-003 -2.187559611039911E-002
   1.81250000000000      -1.430524847093152E-003 -2.168308394291495E-002
   1.82031250000000      -1.272749923159028E-003 -2.147640848039865E-002
   1.82812500000000      -1.115063468921845E-003 -2.124808025690627E-002
   1.83593750000000      -9.592010508013837E-004 -2.099093641938259E-002
   1.84375000000000      -8.094090868159542E-004 -2.069769286845316E-002
   1.85156250000000      -6.730171455557876E-004 -2.036076856234395E-002
   1.85937500000000      -5.617063852166385E-004 -1.997222268421196E-002
   1.86718750000000      -4.943802665693525E-004 -1.952354746338007E-002
   1.87500000000000      -5.066123185240475E-004 -1.900378246041300E-002
   1.88281250000000      -7.488711271108547E-004 -1.845802360542876E-002
   1.89062500000000      -1.023611348703744E-003 -1.813890462742650E-002
   1.89843750000000      -1.254315200288882E-003 -1.786058491148994E-002
   1.90625000000000      -1.469680932728347E-003 -1.759761418562086E-002
   1.91406250000000      -1.681768844686855E-003 -1.734049056927070E-002
   1.92187500000000      -1.898840038314219E-003 -1.708424265106340E-002
   1.92968750000000      -2.128050567153018E-003 -1.682596210895548E-002
   1.93750000000000      -2.376620749505023E-003 -1.656394032123135E-002
   1.94531250000000      -2.652712773248012E-003 -1.629732220995909E-002
   1.95312500000000      -2.966511575686042E-003 -1.602599292804587E-002
   1.96093750000000      -3.332129539296787E-003 -1.575062439828305E-002
   1.96875000000000      -3.772014769332629E-003 -1.547294462368883E-002
   1.97656250000000      -4.331236240282154E-003 -1.519671232816133E-002
   1.98437500000000      -5.218125940325401E-003 -1.494722241339657E-002
   1.99218750000000      -6.067001783955393E-003 -1.539673193833475E-002
   2.00000000000000      -6.610172649151855E-003 -1.588995045489385E-002
   2.00781250000000      -6.995408531996396E-003 -1.641616938043677E-002
   2.01562500000000      -7.248171554281813E-003 -1.696208463646242E-002
   2.02343750000000      -7.376769752895248E-003 -1.751273735928589E-002
   2.03125000000000      -7.384526568421795E-003 -1.805065470307936E-002
   2.03906250000000      -7.274201648101223E-003 -1.855535457507604E-002
   2.04687500000000      -7.050624254054949E-003 -1.900311191412317E-002
   2.05468750000000      -6.722877823828056E-003 -1.936694881263925E-002
   2.06250000000000      -6.306504677947935E-003 -1.961677747373654E-002
   2.07031250000000      -5.826062836103766E-003 -1.971939575848439E-002
   2.07812500000000      -5.318750475018275E-003 -1.963710026101132E-002
   2.08593750000000      -4.842186990863067E-003 -1.931848673986520E-002
   2.09375000000000      -4.555511828411598E-003 -1.855997042437292E-002
   2.10156250000000      -5.041990211023445E-003 -1.812447181500914E-002
   2.10937500000000      -5.402804510679385E-003 -1.801562126729805E-002
   2.11718750000000      -5.694724523938047E-003 -1.802276295525078E-002
   2.12500000000000      -5.936242822771758E-003 -1.809606799643682E-002
   2.13281250000000      -6.137854171855917E-003 -1.821345610058211E-002
   2.14062500000000      -6.306540392219916E-003 -1.836349331388831E-002
   2.14843750000000      -6.447342605138233E-003 -1.854015631808988E-002
   2.15625000000000      -6.564066039677127E-003 -1.874081221166160E-002
   2.16406250000000      -6.659616912149179E-003 -1.896546437460021E-002
   2.17187500000000      -6.736124343457755E-003 -1.921672698819384E-002
   2.17968750000000      -6.794860998323823E-003 -1.950052876923392E-002
   2.18750000000000      -6.835823042714958E-003 -1.982812616209331E-002
   2.19531250000000      -6.856349803176284E-003 -2.022178322644414E-002
   2.20312500000000      -6.845062378437267E-003 -2.073745786491315E-002
   2.21093750000000      -6.509706571135181E-003 -2.153968421212967E-002
   2.21875000000000      -5.847173221782777E-003 -2.193067980873328E-002
   2.22656250000000      -5.226343855515517E-003 -2.214564381135092E-002
   2.23437500000000      -4.626686363260739E-003 -2.225708644084283E-002
   2.24218750000000      -4.043041643589165E-003 -2.228908966210281E-002
   2.25000000000000      -3.474178279995861E-003 -2.225358079967350E-002
   2.25781250000000      -2.920604903754068E-003 -2.215754951746954E-002
   2.26562500000000      -2.383857540882019E-003 -2.200555980172552E-002
   2.27343750000000      -1.866219285587768E-003 -2.180088571541549E-002
   2.28125000000000      -1.370615840550496E-003 -2.154612730811619E-002
   2.28906250000000      -9.006133708847654E-004 -2.124360585172139E-002
   2.29687500000000      -4.605168981386756E-004 -2.089567393255639E-002
   2.30468750000000      -5.563896335478158E-005 -2.050503448463635E-002
   2.31250000000000       3.070043299768267E-004 -2.007520686167546E-002
   2.32031250000000       6.164239232032687E-004 -1.961157875191299E-002
   2.32812500000000       8.403195752865814E-004 -1.912697962812112E-002
   2.33593750000000       1.039979779038611E-003 -1.874756862362149E-002
   2.34375000000000       1.284150967457758E-003 -1.833893416954749E-002
   2.35156250000000       1.528908677942753E-003 -1.789746549795020E-002
   2.35937500000000       1.764956031073787E-003 -1.742240098432063E-002
   2.36718750000000       1.986962928619097E-003 -1.691245084624072E-002
   2.37500000000000       2.190810974319467E-003 -1.636589984779523E-002
   2.38281250000000       2.372710796668273E-003 -1.578053244113053E-002
   2.39062500000000       2.528756072475335E-003 -1.515347987785746E-002
   2.39843750000000       2.654583173273231E-003 -1.448097574941493E-002
   2.40625000000000       2.744996530354614E-003 -1.375796451876638E-002
   2.41406250000000       2.793435358207242E-003 -1.297744536099744E-002
   2.42187500000000       2.791074276607575E-003 -1.212929201846940E-002
   2.42968750000000       2.725074984574465E-003 -1.119790484440179E-002
   2.43750000000000       2.574563677830564E-003 -1.015677364418678E-002
   2.44531250000000       2.298550752920379E-003 -8.952168966210251E-003
   2.45312500000000       1.767208304850828E-003 -7.411062573803287E-003
   2.46093750000000       3.227182838007325E-005 -6.116699515120733E-003
   2.46875000000000      -1.493807989721017E-003 -5.688436087370819E-003
   2.47656250000000      -2.856377259947262E-003 -5.502347273571934E-003
   2.48437500000000      -4.116297843518805E-003 -5.479419482307052E-003
   2.49218750000000      -5.297324290954662E-003 -5.587298384049135E-003
   2.50000000000000      -6.410664192206584E-003 -5.809103341016870E-003
   2.53125000000000      -1.024378523004598E-002 -7.696191386045222E-003
   2.56250000000000      -1.291554365388003E-002 -1.116692057935034E-002
   2.59375000000000      -1.211081448729797E-002 -1.675710696282543E-002
   2.62500000000000      -8.766079895840124E-003 -1.773554565956546E-002
   2.65625000000000      -6.728271307935230E-003 -1.738543416414783E-002
   2.68750000000000      -5.503018487141565E-003 -1.652181944768434E-002
   2.71875000000000      -4.184445847617516E-003 -1.609790615938759E-002
   2.75000000000000      -5.049840497681393E-003 -1.228245653889021E-002
   2.78125000000000      -7.295204219971412E-003 -1.215469261787454E-002
   2.81250000000000      -8.924226442982391E-003 -1.301342934797729E-002
   2.84375000000000      -1.007186864531576E-002 -1.463778662322359E-002
   2.87500000000000      -1.011557608558834E-002 -1.782410569120206E-002
   2.90625000000000      -7.383167033429543E-003 -1.901609424286502E-002
   2.93750000000000      -5.230943436685957E-003 -1.893911178554859E-002
   2.96875000000000      -3.375982702448380E-003 -1.812289110487958E-002
   3.00000000000000      -1.898545850776027E-003 -1.657313757693828E-002
   3.03125000000000      -1.584936191438662E-003 -1.390654556803072E-002
   3.06250000000000      -2.734655155536531E-003 -1.271439177307033E-002
   3.09375000000000      -3.604553770968237E-003 -1.207109080255666E-002
   3.12500000000000      -4.395694317638175E-003 -1.169767529797378E-002
   3.15625000000000      -5.139642832694500E-003 -1.153557646850137E-002
   3.18750000000000      -5.877261014725420E-003 -1.159094131280849E-002
   3.21875000000000      -6.291761979562131E-003 -1.195094929279463E-002
   3.25000000000000      -6.519345396941833E-003 -1.221767294316310E-002
   3.28125000000000      -6.648687446202400E-003 -1.246085563056045E-002
   3.31250000000000      -6.686179862417612E-003 -1.269053153123456E-002
   3.34375000000000      -6.600408668289924E-003 -1.290566487371219E-002
   3.37500000000000      -6.329695583258426E-003 -1.286705262399640E-002
   3.40625000000000      -6.300879750931531E-003 -1.269127961459733E-002
   3.43750000000000      -6.358141632692814E-003 -1.254467771925971E-002
   3.46875000000000      -6.467134466212882E-003 -1.242595995744243E-002
   3.50000000000000      -6.617408493083570E-003 -1.234049681790837E-002
   3.53125000000000      -6.812254745623381E-003 -1.230823583569842E-002
   3.56250000000000      -6.947893002722937E-003 -1.238372944308780E-002
   3.59375000000000      -7.036429936938130E-003 -1.241362810645697E-002
   3.62500000000000      -7.137816481625736E-003 -1.242502557667045E-002
   3.65625000000000      -7.269641513651916E-003 -1.243640140189574E-002
   3.68750000000000      -7.449589228741870E-003 -1.247243960612991E-002
   3.71875000000000      -7.717009185958246E-003 -1.260211387963147E-002
   3.75000000000000      -7.781203668192162E-003 -1.297782428600175E-002
   3.78125000000000      -7.693376497372404E-003 -1.321067690311284E-002
   3.81250000000000      -7.569212136840940E-003 -1.336216335589388E-002
   3.84375000000000      -7.433100765989823E-003 -1.344488288997291E-002
   3.87500000000000      -7.303836552328786E-003 -1.346089367023265E-002
   3.90625000000000      -7.206725760620683E-003 -1.339929654537897E-002
   3.93750000000000      -7.277319988059087E-003 -1.330526820755464E-002
   3.96875000000000      -7.360469945570363E-003 -1.334245448206201E-002
   4.00000000000000      -7.421286815810273E-003 -1.341350011658995E-002
   4.03125000000000      -7.466531826940377E-003 -1.350516942304691E-002
   4.06250000000000      -7.498117595464919E-003 -1.361280982294238E-002
   4.09375000000000      -7.516917419364865E-003 -1.373496095830782E-002
   4.12500000000000      -7.526779339157593E-003 -1.387796949907696E-002
   4.15625000000000      -7.486944861630134E-003 -1.404089670128045E-002
   4.18750000000000      -7.421731803768955E-003 -1.419026485179720E-002
   4.21875000000000      -7.335585200091851E-003 -1.433281767528890E-002
   4.25000000000000      -7.227746652436313E-003 -1.446920191683369E-002
   4.28125000000000      -7.094362812175646E-003 -1.459921385443108E-002
   4.31250000000000      -6.924420672101231E-003 -1.472234440585288E-002
   4.34375000000000      -6.648787002896891E-003 -1.481995849440231E-002
   4.37500000000000      -6.417525905797984E-003 -1.471595463326896E-002
   4.40625000000000      -6.274906110306564E-003 -1.460103896482217E-002
   4.43750000000000      -6.183288965070279E-003 -1.447723370256987E-002
   4.46875000000000      -6.137588299763491E-003 -1.434554525924642E-002
   4.50000000000000      -6.141677847068962E-003 -1.420643914995076E-002
   4.53125000000000      -6.210134962968794E-003 -1.405912144894190E-002
   4.56250000000000      -6.399796867850542E-003 -1.389558604235314E-002
   4.59375000000000      -6.756102850156475E-003 -1.401679274580932E-002
   4.62500000000000      -6.919854907675447E-003 -1.424409118506834E-002
   4.65625000000000      -7.010651869874420E-003 -1.448736900072004E-002
   4.68750000000000      -7.052241426578261E-003 -1.474352228764845E-002
   4.71875000000000      -7.052927318815429E-003 -1.501305660925970E-002
   4.75000000000000      -7.013867644545972E-003 -1.529893233095514E-002
   4.78125000000000      -6.927745990949067E-003 -1.560870753960188E-002
   4.81250000000000      -6.722871981829708E-003 -1.595024583079119E-002
   4.84375000000000      -6.466577381468200E-003 -1.615032950336210E-002
   4.87500000000000      -6.233557892099988E-003 -1.632485670436365E-002
   4.90625000000000      -6.000061807455607E-003 -1.648983630489842E-002
   4.93750000000000      -5.756387187408216E-003 -1.665138735618051E-002
   4.96875000000000      -5.493482598356183E-003 -1.681421012565315E-002
   5.00000000000000      -5.198024666109481E-003 -1.698391542915066E-002
   5.03125000000000      -4.841149056835930E-003 -1.717092333765081E-002
   5.06250000000000      -4.246844925347121E-003 -1.734798858247670E-002
   5.09375000000000      -3.689352745133640E-003 -1.713530943410536E-002
   5.12500000000000      -3.284104242306234E-003 -1.686831526867554E-002
   5.15625000000000      -2.967928808267989E-003 -1.657028938855225E-002
   5.18750000000000      -2.725770589271292E-003 -1.624858579976232E-002
   5.21875000000000      -2.554832655941752E-003 -1.590679063602631E-002
   5.25000000000000      -2.460809920717822E-003 -1.554648538133883E-002
   5.28125000000000      -2.462750488681403E-003 -1.516694793374163E-002
   5.31250000000000      -2.631685107087795E-003 -1.475927397024403E-002
   5.34375000000000      -3.049676464559184E-003 -1.470319280711745E-002
   5.37500000000000      -3.218167956961603E-003 -1.479627384935291E-002
   5.40625000000000      -3.301114441019844E-003 -1.489717486638702E-002
   5.43750000000000      -3.334049998138590E-003 -1.500123248582323E-002
   5.46875000000000      -3.331475694272436E-003 -1.510730436969305E-002
   5.50000000000000      -3.300276013353166E-003 -1.521556759610791E-002
   5.53125000000000      -3.242792364500693E-003 -1.532707809656030E-002
   5.56250000000000      -3.156173623137593E-003 -1.544399167842365E-002
   5.59375000000000      -3.017032802105375E-003 -1.557206718662297E-002
   5.62500000000000      -2.835026709469115E-003 -1.560364037199449E-002
   5.65625000000000      -2.694271500503324E-003 -1.562327822041642E-002
   5.68750000000000      -2.561632879813745E-003 -1.564191474968747E-002
   5.71875000000000      -2.430640807991836E-003 -1.566106649525676E-002
   5.75000000000000      -2.297503721216470E-003 -1.568194374643217E-002
   5.78125000000000      -2.158646205813134E-003 -1.570587495310448E-002
   5.81250000000000      -2.009254511823024E-003 -1.573469234774751E-002
   5.84375000000000      -1.840531623523651E-003 -1.577159961845288E-002
   5.87500000000000      -1.626743339810655E-003 -1.582529280887806E-002
   5.90625000000000      -1.290888865358013E-003 -1.577183817201796E-002
   5.93750000000000      -1.055434768551251E-003 -1.561506696384515E-002
   5.96875000000000      -8.719212037822041E-004 -1.544293117413520E-002
   6.00000000000000      -7.260254428857211E-004 -1.526057283565738E-002
   6.03125000000000      -6.133732774317143E-004 -1.507006227487677E-002
   6.06250000000000      -5.335669898380163E-004 -1.487237533133857E-002
   6.09375000000000      -4.893390548312672E-004 -1.466782422859638E-002
   6.12500000000000      -4.877989470346783E-004 -1.445602375368818E-002
   6.15625000000000      -5.461308924549083E-004 -1.423520327210186E-002
   6.18750000000000      -7.369002117691122E-004 -1.399608497936977E-002
   6.21875000000000      -1.025725966544909E-003 -1.407078401573594E-002
   6.25000000000000      -1.143478417344049E-003 -1.419115622016727E-002
   6.28125000000000      -1.199670549638611E-003 -1.431932344452225E-002
   6.31250000000000      -1.214038272912821E-003 -1.445282138978669E-002
   6.34375000000000      -1.194433498342225E-003 -1.459079527100134E-002
   6.37500000000000      -1.143889166536635E-003 -1.473304671800545E-002
   6.40625000000000      -1.062265521982446E-003 -1.487982641009396E-002
   6.43750000000000      -9.459538918043303E-004 -1.503190130110742E-002
   6.46875000000000      -7.848537923279110E-004 -1.519102623534889E-002
   6.50000000000000      -5.442859922213123E-004 -1.536264780077807E-002
   6.53125000000000      -1.633066303363268E-004 -1.536507989149358E-002
   6.56250000000000       8.614419732922568E-005 -1.527007367145135E-002
   6.59375000000000       2.861417207962345E-004 -1.516715325741555E-002
   6.62500000000000       4.558559376246938E-004 -1.505941910690110E-002
   6.65625000000000       6.028142953358418E-004 -1.494823055053144E-002
   6.68750000000000       7.306356986180153E-004 -1.483437191139524E-002
   6.71875000000000       8.409418027896824E-004 -1.471836005915063E-002
   6.75000000000000       9.338803668748966E-004 -1.460055822853924E-002
   6.78125000000000       1.007871203292277E-003 -1.448121376499418E-002
   6.81250000000000       1.057785012143217E-003 -1.436041512224588E-002
   6.84375000000000       1.057743218725704E-003 -1.423734350228985E-002
   6.87500000000000       1.041239064482336E-003 -1.422050799814400E-002
   6.90625000000000       1.072938527395616E-003 -1.420807124912752E-002
   6.93750000000000       1.120203271336120E-003 -1.419602166976599E-002
   6.96875000000000       1.176946896084792E-003 -1.418419506972847E-002
   7.00000000000000       1.240560656226712E-003 -1.417258776134454E-002
   7.03125000000000       1.309743156560031E-003 -1.416126194908163E-002
   7.06250000000000       1.383879900512437E-003 -1.415032707767781E-002
   7.09375000000000       1.462844420188030E-003 -1.413994727291457E-002
   7.12500000000000       1.547022567936211E-003 -1.413037679606305E-002
   7.15625000000000       1.637687450837529E-003 -1.412207222481656E-002
   7.18750000000000       1.739281525040028E-003 -1.411627441878804E-002
   7.21875000000000       1.862422716279026E-003 -1.409064769574134E-002
   7.25000000000000       1.971226931757811E-003 -1.405015144724029E-002
   7.28125000000000       2.074907806099721E-003 -1.400759301650190E-002
   7.31250000000000       2.176031936022900E-003 -1.396372331505973E-002
   7.34375000000000       2.275785615578262E-003 -1.391889484735739E-002
   7.37500000000000       2.374967359860975E-003 -1.387332634076284E-002
   7.40625000000000       2.474272769076685E-003 -1.382717497703269E-002
   7.43750000000000       2.574450425437532E-003 -1.378056562505564E-002
   7.46875000000000       2.676467590172440E-003 -1.373360585550594E-002
   7.50000000000000       2.781820299848121E-003 -1.368639573166366E-002
   7.53125000000000       2.893442049105760E-003 -1.363903696031690E-002
   7.56250000000000       3.021659082413001E-003 -1.359164797947922E-002
   7.59375000000000       3.161505718062976E-003 -1.349595163445936E-002
   7.62500000000000       3.269571131589300E-003 -1.339323458018933E-002
   7.65625000000000       3.365603340337885E-003 -1.329056884173990E-002
   7.68750000000000       3.453224652407411E-003 -1.318788233838025E-002
   7.71875000000000       3.534004709959587E-003 -1.308511401299291E-002
   7.75000000000000       3.608755059770707E-003 -1.298220486667226E-002
   7.78125000000000       3.677886567178747E-003 -1.287909270570976E-002
   7.81250000000000       3.741529921539154E-003 -1.277570685737635E-002
   7.84375000000000       3.799550934374763E-003 -1.267196029902326E-002
   7.87500000000000       3.851465162665301E-003 -1.256773419772674E-002
   7.90625000000000       3.896124233079707E-003 -1.246283810747852E-002
   7.93750000000000       3.930316279663689E-003 -1.235684809146161E-002
   7.96875000000000       3.941005029297446E-003 -1.226421873136689E-002
   8.00000000000000       3.964751145268511E-003 -1.219292043693638E-002
   8.03125000000000       3.994432680403722E-003 -1.212229222445965E-002
   8.06250000000000       4.026176312098090E-003 -1.205196304049227E-002
   8.09375000000000       4.058500648326510E-003 -1.198181010016132E-002
   8.12500000000000       4.090556282965587E-003 -1.191177728088473E-002
   8.15625000000000       4.121731994662998E-003 -1.184183643842732E-002
   8.18750000000000       4.151499007350842E-003 -1.177197386963881E-002
   8.21875000000000       4.179315872821337E-003 -1.170218429596465E-002
   8.25000000000000       4.204532195611170E-003 -1.163246759304640E-002
   8.28125000000000       4.226230336875044E-003 -1.156282618673751E-002
   8.31250000000000       4.242839071746591E-003 -1.149326042386871E-002
   8.34375000000000       4.250595904024853E-003 -1.142374750870938E-002
   8.37500000000000       4.234954765881874E-003 -1.137089909398569E-002
   8.40625000000000       4.239594774888687E-003 -1.134412092304353E-002
   8.43750000000000       4.255281019354058E-003 -1.131753878287351E-002
   8.46875000000000       4.277034705976272E-003 -1.129106370190000E-002
   8.50000000000000       4.303054214362270E-003 -1.126466596179029E-002
   8.53125000000000       4.332386499754134E-003 -1.123833018317785E-002
   8.56250000000000       4.364436255233688E-003 -1.121204615967845E-002
   8.59375000000000       4.398789954399884E-003 -1.118580531703564E-002
   8.62500000000000       4.435132986419388E-003 -1.115959843606652E-002
   8.65625000000000       4.473199486516473E-003 -1.113341313878153E-002
   8.68750000000000       4.512728863308287E-003 -1.110722965546238E-002
   8.71875000000000       4.553403423297657E-003 -1.108101131768911E-002
   8.75000000000000       4.594694671060077E-003 -1.105467583723146E-002
   8.78125000000000       4.635086228570192E-003 -1.102793701247620E-002
   8.81250000000000       4.671371260238312E-003 -1.100864456418011E-002
   8.84375000000000       4.716143225080035E-003 -1.099435915707782E-002
   8.87500000000000       4.765873644965106E-003 -1.098064813188414E-002
   8.90625000000000       4.819751288124266E-003 -1.096737985702226E-002
   8.93750000000000       4.877580056974229E-003 -1.095452999787708E-002
   8.96875000000000       4.939414160328785E-003 -1.094211181319667E-002
   9.00000000000000       5.005479552914827E-003 -1.093016094733920E-002
   9.03125000000000       5.076168161424922E-003 -1.091873262423888E-002
   9.06250000000000       5.152072952856262E-003 -1.090790454930238E-002
   9.09375000000000       5.234070295339125E-003 -1.089778529312192E-002
   9.12500000000000       5.323487932175233E-003 -1.088853182047789E-002
   9.15625000000000       5.422472734765674E-003 -1.088038779891273E-002
   9.18750000000000       5.534957741198815E-003 -1.087378350394443E-002
   9.21875000000000       5.670396363725535E-003 -1.086971743631397E-002
   9.25000000000000       5.875269212859956E-003 -1.083555135493397E-002
   9.28125000000000       6.036849452251494E-003 -1.071426163749461E-002
   9.31250000000000       6.164492635473877E-003 -1.058938198767124E-002
   9.34375000000000       6.273644567521776E-003 -1.046253381870907E-002
   9.37500000000000       6.369395119571648E-003 -1.033427725903177E-002
   9.40625000000000       6.454258600321844E-003 -1.020490490131677E-002
   9.43750000000000       6.529661068493130E-003 -1.007459617379634E-002
   9.46875000000000       6.596438981002081E-003 -9.943470268713322E-003
   9.50000000000000       6.655043586067565E-003 -9.811608877541029E-003
   9.53125000000000       6.705622787218139E-003 -9.679066713706374E-003
   9.56250000000000       6.748029899459258E-003 -9.545875482562249E-003
   9.59375000000000       6.781758969860446E-003 -9.412042459417781E-003
   9.62500000000000       6.805751625506696E-003 -9.277541060964616E-003
   9.65625000000000       6.817859054305049E-003 -9.142281108637582E-003
   9.68750000000000       6.812836650577393E-003 -9.005992801660570E-003
   9.71875000000000       6.761913153216028E-003 -8.882907848511680E-003
   9.75000000000000       6.731032115987526E-003 -8.822131130831742E-003
   9.78125000000000       6.721734017912039E-003 -8.762690213413107E-003
   9.81250000000000       6.722042389850575E-003 -8.703852409788701E-003
   9.84375000000000       6.728370273721411E-003 -8.645399255847157E-003
   9.87500000000000       6.738976812958864E-003 -8.587225961400250E-003
   9.90625000000000       6.752858875448464E-003 -8.529273405036005E-003
   9.93750000000000       6.769387525765183E-003 -8.471505837469983E-003
   9.96875000000000       6.788154173865107E-003 -8.413901499966431E-003
   10.0000000000000       6.808896688485744E-003 -8.356448212465561E-003
   10.0312500000000       6.831463367432502E-003 -8.299141378301442E-003
   10.0625000000000       6.855799980293878E-003 -8.241983569302022E-003
   10.0937500000000       6.881958049472770E-003 -8.184985748779811E-003
   10.1250000000000       6.910137075225336E-003 -8.128171377748555E-003
   10.1562500000000       6.940816779324292E-003 -8.071588456639356E-003
   10.1875000000000       6.975301335167489E-003 -8.015358114533364E-003
   10.2187500000000       7.019843944097031E-003 -7.954289457440061E-003
   10.2500000000000       7.058288239286245E-003 -7.881838237292644E-003
   10.2812500000000       7.092653310258061E-003 -7.808988647280996E-003
   10.3125000000000       7.124958284647953E-003 -7.735932046822630E-003
   10.3437500000000       7.155902975166073E-003 -7.662739467849441E-003
   10.3750000000000       7.185860195058591E-003 -7.589451437128536E-003
   10.4062500000000       7.215074806807357E-003 -7.516096330740308E-003
   10.4375000000000       7.243734461904005E-003 -7.442697017952776E-003
   10.4687500000000       7.272003533882600E-003 -7.369274114846549E-003
   10.5000000000000       7.300044451636191E-003 -7.295848075396119E-003
   10.5312500000000       7.328035916203462E-003 -7.222441008462529E-003
   10.5625000000000       7.356194163901980E-003 -7.149078813967652E-003
   10.5937500000000       7.384805017813504E-003 -7.075794400824913E-003
   10.6250000000000       7.414282766675055E-003 -7.002633577552640E-003
   10.6562500000000       7.445301152873715E-003 -6.929668109026193E-003
   10.6875000000000       7.479173543169852E-003 -6.857033497361432E-003
   10.7187500000000       7.519834467975335E-003 -6.785125374815142E-003
   10.7500000000000       7.573654539684861E-003 -6.693770418830512E-003
   10.7812500000000       7.610278293716998E-003 -6.591528223217389E-003
   10.8125000000000       7.639380487058414E-003 -6.488526666993295E-003
   10.8437500000000       7.663240836684799E-003 -6.385014302185767E-003
   10.8750000000000       7.682775720931789E-003 -6.281100410675812E-003
   10.9062500000000       7.698451012486387E-003 -6.176848090169555E-003
   10.9375000000000       7.710516844843523E-003 -6.072298716004507E-003
   10.9687500000000       7.719094484439848E-003 -5.967481342378527E-003
   11.0000000000000       7.724212860502309E-003 -5.862417026330138E-003
   11.0312500000000       7.725822177979391E-003 -5.757120961610847E-003
   11.0625000000000       7.723793195263400E-003 -5.651603438477431E-003
   11.0937500000000       7.717903090995712E-003 -5.545869966649401E-003
   11.1250000000000       7.707802665409582E-003 -5.439920510504050E-003
   11.1562500000000       7.692948985322436E-003 -5.333747308743184E-003
   11.1875000000000       7.672458677370210E-003 -5.227329594259965E-003
   11.2187500000000       7.644730169072520E-003 -5.120619306123439E-003
   11.2500000000000       7.606063276150760E-003 -5.013487153986786E-003
   11.2812500000000       7.536927523019202E-003 -4.916126790476183E-003
   11.3125000000000       7.482993324698950E-003 -4.860860064447437E-003
   11.3437500000000       7.444222309152713E-003 -4.806213423381174E-003
   11.3750000000000       7.412397996057906E-003 -4.751848820755779E-003
   11.4062500000000       7.385006223971565E-003 -4.697664654424166E-003
   11.4375000000000       7.360794362768157E-003 -4.643611828693849E-003
   11.4687500000000       7.339014987877350E-003 -4.589662412173449E-003
   11.5000000000000       7.319176277871939E-003 -4.535799322757066E-003
   11.5312500000000       7.300934900427290E-003 -4.482011945027918E-003
   11.5625000000000       7.284042656029730E-003 -4.428294007015286E-003
   11.5937500000000       7.268317453044394E-003 -4.374642508339379E-003
   11.6250000000000       7.253626969756274E-003 -4.321057241008175E-003
   11.6562500000000       7.239880032227638E-003 -4.267540741727542E-003
   11.6875000000000       7.227023893958494E-003 -4.214098691566767E-003
   11.7187500000000       7.215047942371446E-003 -4.160740985225016E-003
   11.7500000000000       7.203998057039641E-003 -4.107484146910100E-003
   11.7812500000000       7.194016481407854E-003 -4.054357234604749E-003
   11.8125000000000       7.185471572229502E-003 -4.001420303146996E-003
   11.8437500000000       7.179798876913509E-003 -3.948882628640277E-003
   11.8750000000000       7.177521359610980E-003 -3.889536346062787E-003
   11.9062500000000       7.170881956244915E-003 -3.828243844015507E-003
   11.9375000000000       7.162652003269912E-003 -3.766701662751620E-003
   11.9687500000000       7.153352545881817E-003 -3.704997290287582E-003
   12.0000000000000       7.143199771884607E-003 -3.643172241151846E-003
   13.0000000000000       6.593722866355021E-003  0.000000000000000E+000
   14.0000000000000       6.122742661615377E-003  0.000000000000000E+000
   15.0000000000000       5.714559817507685E-003  0.000000000000000E+000
   16.0000000000000       5.357399828913455E-003  0.000000000000000E+000
   17.0000000000000       5.042258662506781E-003  0.000000000000000E+000
   18.0000000000000       4.762133181256404E-003  0.000000000000000E+000
   19.0000000000000       4.511494592769225E-003  0.000000000000000E+000
   20.0000000000000       4.285919863130764E-003  0.000000000000000E+000
   21.0000000000000       4.081828441076918E-003  0.000000000000000E+000
   22.0000000000000       3.896290784664331E-003  0.000000000000000E+000
   23.0000000000000       3.726886837505012E-003  0.000000000000000E+000
   24.0000000000000       3.571599885942303E-003  0.000000000000000E+000
   25.0000000000000       3.428735890504611E-003  0.000000000000000E+000
   26.0000000000000       3.296861433177511E-003  0.000000000000000E+000
   27.0000000000000       3.174755454170936E-003  0.000000000000000E+000
   28.0000000000000       3.061371330807688E-003  0.000000000000000E+000
   29.0000000000000       2.955806802159147E-003  0.000000000000000E+000
   30.0000000000000       2.857279908753842E-003  0.000000000000000E+000
   31.0000000000000       2.765109589116622E-003  0.000000000000000E+000
   32.0000000000000       2.678699914456727E-003  0.000000000000000E+000
   33.0000000000000       2.597527189776220E-003  0.000000000000000E+000
   34.0000000000000       2.521129331253391E-003  0.000000000000000E+000
   35.0000000000000       2.449097064646151E-003  0.000000000000000E+000
   36.0000000000000       2.381066590628202E-003  0.000000000000000E+000
   37.0000000000000       2.316713439530143E-003  0.000000000000000E+000
   38.0000000000000       2.255747296384612E-003  0.000000000000000E+000
   39.0000000000000       2.197907622118341E-003  0.000000000000000E+000
   40.0000000000000       2.142959931565382E-003  0.000000000000000E+000
   41.0000000000000       2.090692616161348E-003  0.000000000000000E+000
   42.0000000000000       2.040914220538459E-003  0.000000000000000E+000
   43.0000000000000       1.993451099130588E-003  0.000000000000000E+000
   44.0000000000000       1.948145392332165E-003  0.000000000000000E+000
   45.0000000000000       1.904853272502562E-003  0.000000000000000E+000
   46.0000000000000       1.863443418752506E-003  0.000000000000000E+000
   47.0000000000000       1.823795686438623E-003  0.000000000000000E+000
   48.0000000000000       1.785799942971152E-003  0.000000000000000E+000
   49.0000000000000       1.749355046175822E-003  0.000000000000000E+000
   50.0000000000000       1.714367945252306E-003  0.000000000000000E+000
   51.0000000000000       1.680752887502260E-003  0.000000000000000E+000
   52.0000000000000       1.648430716588755E-003  0.000000000000000E+000
   53.0000000000000       1.617328250238024E-003  0.000000000000000E+000
   54.0000000000000       1.587377727085468E-003  0.000000000000000E+000
   55.0000000000000       1.558516313865732E-003  0.000000000000000E+000
   56.0000000000000       1.530685665403844E-003  0.000000000000000E+000
   57.0000000000000       1.503831530923075E-003  0.000000000000000E+000
   58.0000000000000       1.477903401079574E-003  0.000000000000000E+000
   59.0000000000000       1.452854190891784E-003  0.000000000000000E+000
   60.0000000000000       1.428639954376921E-003  0.000000000000000E+000
   61.0000000000000       1.405219627255988E-003  0.000000000000000E+000
   62.0000000000000       1.382554794558311E-003  0.000000000000000E+000
   63.0000000000000       1.360609480358973E-003  0.000000000000000E+000
   64.0000000000000       1.339349957228364E-003  0.000000000000000E+000
   65.0000000000000       1.318744573271004E-003  0.000000000000000E+000
   66.0000000000000       1.298763594888110E-003  0.000000000000000E+000
   67.0000000000000       1.279379063621124E-003  0.000000000000000E+000
   68.0000000000000       1.260564665626695E-003  0.000000000000000E+000
   69.0000000000000       1.242295612501671E-003  0.000000000000000E+000
   70.0000000000000       1.224548532323075E-003  0.000000000000000E+000
   71.0000000000000       1.207301369895990E-003  0.000000000000000E+000
   72.0000000000000       1.190533295314101E-003  0.000000000000000E+000
   73.0000000000000       1.174224620035826E-003  0.000000000000000E+000
   74.0000000000000       1.158356719765071E-003  0.000000000000000E+000
   75.0000000000000       1.142911963501537E-003  0.000000000000000E+000
   76.0000000000000       1.127873648192306E-003  0.000000000000000E+000
   77.0000000000000       1.113225938475523E-003  0.000000000000000E+000
   78.0000000000000       1.098953811059170E-003  0.000000000000000E+000
   79.0000000000000       1.085043003324244E-003  0.000000000000000E+000
   80.0000000000000       1.071479965782691E-003  0.000000000000000E+000
   81.0000000000000       1.058251818056979E-003  0.000000000000000E+000
   82.0000000000000       1.045346308080674E-003  0.000000000000000E+000
   83.0000000000000       1.032751774248377E-003  0.000000000000000E+000
   84.0000000000000       1.020457110269230E-003  0.000000000000000E+000
   85.0000000000000       1.008451732501356E-003  0.000000000000000E+000
   86.0000000000000       9.967255495652938E-004  0.000000000000000E+000
   87.0000000000000       9.852689340530492E-004  0.000000000000000E+000
   88.0000000000000       9.740726961660827E-004  0.000000000000000E+000
   89.0000000000000       9.631280591305087E-004  0.000000000000000E+000
   90.0000000000000       9.524266362512809E-004  0.000000000000000E+000
   91.0000000000000       9.419604094792887E-004  0.000000000000000E+000
   92.0000000000000       9.317217093762530E-004  0.000000000000000E+000
   93.0000000000000       9.217031963722073E-004  0.000000000000000E+000
   94.0000000000000       9.118978432193115E-004  0.000000000000000E+000
   95.0000000000000       9.022989185538450E-004  0.000000000000000E+000
   96.0000000000000       8.928999714855759E-004  0.000000000000000E+000
   97.0000000000000       8.836948171403637E-004  0.000000000000000E+000
   98.0000000000000       8.746775230879110E-004  0.000000000000000E+000
   99.0000000000000       8.658423965920735E-004  0.000000000000000E+000
   100.000000000000       8.571839726261528E-004  0.000000000000000E+000
   101.000000000000       8.486970026001513E-004  0.000000000000000E+000
   102.000000000000       8.403764437511302E-004  0.000000000000000E+000
   103.000000000000       8.322174491516047E-004  0.000000000000000E+000
   104.000000000000       8.242153582943777E-004  0.000000000000000E+000
   105.000000000000       8.163656882153837E-004  0.000000000000000E+000
   106.000000000000       8.086641251190121E-004  0.000000000000000E+000
   107.000000000000       8.011065164730400E-004  0.000000000000000E+000
   108.000000000000       7.936888635427340E-004  0.000000000000000E+000
   109.000000000000       7.864073143359200E-004  0.000000000000000E+000
   110.000000000000       7.792581569328661E-004  0.000000000000000E+000
   111.000000000000       7.722378131767142E-004  0.000000000000000E+000
   112.000000000000       7.653428327019221E-004  0.000000000000000E+000
   113.000000000000       7.585698872797812E-004  0.000000000000000E+000
   114.000000000000       7.519157654615375E-004  0.000000000000000E+000
   115.000000000000       7.453773675010024E-004  0.000000000000000E+000
   116.000000000000       7.389517005397868E-004  0.000000000000000E+000
   117.000000000000       7.326358740394469E-004  0.000000000000000E+000
   118.000000000000       7.264270954458922E-004  0.000000000000000E+000
   119.000000000000       7.203226660723973E-004  0.000000000000000E+000
   120.000000000000       7.143199771884606E-004  0.000000000000000E+000
   121.000000000000       7.084165063026057E-004  0.000000000000000E+000
   122.000000000000       7.026098136279941E-004  0.000000000000000E+000
   123.000000000000       6.968975387204495E-004  0.000000000000000E+000
   124.000000000000       6.912773972791554E-004  0.000000000000000E+000
   125.000000000000       6.857471781009223E-004  0.000000000000000E+000
   126.000000000000       6.803047401794863E-004  0.000000000000000E+000
   127.000000000000       6.749480099418525E-004  0.000000000000000E+000
   128.000000000000       6.696749786141819E-004  0.000000000000000E+000
   129.000000000000       6.644836997101959E-004  0.000000000000000E+000
   130.000000000000       6.593722866355021E-004  0.000000000000000E+000
   131.000000000000       6.543389104016434E-004  0.000000000000000E+000
   132.000000000000       6.493817974440551E-004  0.000000000000000E+000
   133.000000000000       6.444992275384607E-004  0.000000000000000E+000
   134.000000000000       6.396895318105618E-004  0.000000000000000E+000
   135.000000000000       6.349510908341872E-004  0.000000000000000E+000
   136.000000000000       6.302823328133476E-004  0.000000000000000E+000
   137.000000000000       6.256817318439071E-004  0.000000000000000E+000
   138.000000000000       6.211478062508354E-004  0.000000000000000E+000
   139.000000000000       6.166791169972322E-004  0.000000000000000E+000
   140.000000000000       6.122742661615377E-004  0.000000000000000E+000
   141.000000000000       6.079318954795410E-004  0.000000000000000E+000
   142.000000000000       6.036506849479949E-004  0.000000000000000E+000
   143.000000000000       5.994293514868202E-004  0.000000000000000E+000
   144.000000000000       5.952666476570505E-004  0.000000000000000E+000
   145.000000000000       5.911613604318296E-004  0.000000000000000E+000
   146.000000000000       5.871123100179129E-004  0.000000000000000E+000
   147.000000000000       5.831183487252740E-004  0.000000000000000E+000
   148.000000000000       5.791783598825356E-004  0.000000000000000E+000
   149.000000000000       5.752912567960757E-004  0.000000000000000E+000
   150.000000000000       5.714559817507685E-004  0.000000000000000E+000
   151.000000000000       5.676715050504323E-004  0.000000000000000E+000
   152.000000000000       5.639368240961531E-004  0.000000000000000E+000
   153.000000000000       5.602509625007535E-004  0.000000000000000E+000
   154.000000000000       5.566129692377615E-004  0.000000000000000E+000
   155.000000000000       5.530219178233244E-004  0.000000000000000E+000
   156.000000000000       5.494769055295851E-004  0.000000000000000E+000
   157.000000000000       5.459770526281228E-004  0.000000000000000E+000
   158.000000000000       5.425215016621220E-004  0.000000000000000E+000
   159.000000000000       5.391094167460080E-004  0.000000000000000E+000
   160.000000000000       5.357399828913455E-004  0.000000000000000E+000
   161.000000000000       5.324124053578588E-004  0.000000000000000E+000
   162.000000000000       5.291259090284894E-004  0.000000000000000E+000
   163.000000000000       5.258797378074557E-004  0.000000000000000E+000
   164.000000000000       5.226731540403371E-004  0.000000000000000E+000
   165.000000000000       5.195054379552441E-004  0.000000000000000E+000
   166.000000000000       5.163758871241885E-004  0.000000000000000E+000
   167.000000000000       5.132838159438041E-004  0.000000000000000E+000
   168.000000000000       5.102285551346148E-004  0.000000000000000E+000
   169.000000000000       5.072094512580785E-004  0.000000000000000E+000
   170.000000000000       5.042258662506781E-004  0.000000000000000E+000
   171.000000000000       5.012771769743584E-004  0.000000000000000E+000
   172.000000000000       4.983627747826469E-004  0.000000000000000E+000
   173.000000000000       4.954820651018224E-004  0.000000000000000E+000
   174.000000000000       4.926344670265246E-004  0.000000000000000E+000
   175.000000000000       4.898194129292302E-004  0.000000000000000E+000
   176.000000000000       4.870363480830413E-004  0.000000000000000E+000
   177.000000000000       4.842847302972614E-004  0.000000000000000E+000
   178.000000000000       4.815640295652544E-004  0.000000000000000E+000
   179.000000000000       4.788737277241077E-004  0.000000000000000E+000
   180.000000000000       4.762133181256404E-004  0.000000000000000E+000
   181.000000000000       4.735823053183165E-004  0.000000000000000E+000
   182.000000000000       4.709802047396444E-004  0.000000000000000E+000
   183.000000000000       4.684065424186627E-004  0.000000000000000E+000
   184.000000000000       4.658608546881265E-004  0.000000000000000E+000
   185.000000000000       4.633426879060285E-004  0.000000000000000E+000
   186.000000000000       4.608515981861036E-004  0.000000000000000E+000
   187.000000000000       4.583871511369801E-004  0.000000000000000E+000
   188.000000000000       4.559489216096557E-004  0.000000000000000E+000
   189.000000000000       4.535364934529909E-004  0.000000000000000E+000
   190.000000000000       4.511494592769225E-004  0.000000000000000E+000
   191.000000000000       4.487874202231166E-004  0.000000000000000E+000
   192.000000000000       4.464499857427879E-004  0.000000000000000E+000
   193.000000000000       4.441367733814263E-004  0.000000000000000E+000
   194.000000000000       4.418474085701819E-004  0.000000000000000E+000
   195.000000000000       4.395815244236681E-004  0.000000000000000E+000
   196.000000000000       4.373387615439555E-004  0.000000000000000E+000
   197.000000000000       4.351187678305344E-004  0.000000000000000E+000
   198.000000000000       4.329211982960368E-004  0.000000000000000E+000
   199.000000000000       4.307457148875139E-004  0.000000000000000E+000
   200.000000000000       4.285919863130764E-004  0.000000000000000E+000
   201.000000000000       4.264596878737078E-004  0.000000000000000E+000
   202.000000000000       4.243485013000756E-004  0.000000000000000E+000
   203.000000000000       4.222581145941639E-004  0.000000000000000E+000
   204.000000000000       4.201882218755651E-004  0.000000000000000E+000
   205.000000000000       4.181385232322697E-004  0.000000000000000E+000
   206.000000000000       4.161087245758023E-004  0.000000000000000E+000
   207.000000000000       4.140985375005569E-004  0.000000000000000E+000
   208.000000000000       4.121076791471888E-004  0.000000000000000E+000
   209.000000000000       4.101358720699296E-004  0.000000000000000E+000
   210.000000000000       4.081828441076918E-004  0.000000000000000E+000
   211.000000000000       4.062483282588402E-004  0.000000000000000E+000
   212.000000000000       4.043320625595061E-004  0.000000000000000E+000
   213.000000000000       4.024337899653300E-004  0.000000000000000E+000
   214.000000000000       4.005532582365200E-004  0.000000000000000E+000
   215.000000000000       3.986902198261176E-004  0.000000000000000E+000
   216.000000000000       3.968444317713670E-004  0.000000000000000E+000
   217.000000000000       3.950156555880888E-004  0.000000000000000E+000
   218.000000000000       3.932036571679600E-004  0.000000000000000E+000
   219.000000000000       3.914082066786086E-004  0.000000000000000E+000
   220.000000000000       3.896290784664331E-004  0.000000000000000E+000
   221.000000000000       3.878660509620601E-004  0.000000000000000E+000
   222.000000000000       3.861189065883571E-004  0.000000000000000E+000
   223.000000000000       3.843874316709206E-004  0.000000000000000E+000
   224.000000000000       3.826714163509610E-004  0.000000000000000E+000
   225.000000000000       3.809706545005123E-004  0.000000000000000E+000
   226.000000000000       3.792849436398906E-004  0.000000000000000E+000
   227.000000000000       3.776140848573360E-004  0.000000000000000E+000
   228.000000000000       3.759578827307687E-004  0.000000000000000E+000
   229.000000000000       3.743161452515951E-004  0.000000000000000E+000
   230.000000000000       3.726886837505012E-004  0.000000000000000E+000
   231.000000000000       3.710753128251744E-004  0.000000000000000E+000
   232.000000000000       3.694758502698934E-004  0.000000000000000E+000
   233.000000000000       3.678901170069325E-004  0.000000000000000E+000
   234.000000000000       3.663179370197234E-004  0.000000000000000E+000
   235.000000000000       3.647591372877246E-004  0.000000000000000E+000
   236.000000000000       3.632135477229461E-004  0.000000000000000E+000
   237.000000000000       3.616810011080813E-004  0.000000000000000E+000
   238.000000000000       3.601613330361987E-004  0.000000000000000E+000
   239.000000000000       3.586543818519468E-004  0.000000000000000E+000
   240.000000000000       3.571599885942303E-004  0.000000000000000E+000
   241.000000000000       3.556779969403124E-004  0.000000000000000E+000
   242.000000000000       3.542082531513028E-004  0.000000000000000E+000
   243.000000000000       3.527506060189929E-004  0.000000000000000E+000
   244.000000000000       3.513049068139970E-004  0.000000000000000E+000
   245.000000000000       3.498710092351644E-004  0.000000000000000E+000
   246.000000000000       3.484487693602247E-004  0.000000000000000E+000
   247.000000000000       3.470380455976327E-004  0.000000000000000E+000
   248.000000000000       3.456386986395777E-004  0.000000000000000E+000
   249.000000000000       3.442505914161256E-004  0.000000000000000E+000
   250.000000000000       3.428735890504611E-004  0.000000000000000E+000
   251.000000000000       3.415075588152003E-004  0.000000000000000E+000
   252.000000000000       3.401523700897432E-004  0.000000000000000E+000
   253.000000000000       3.388078943186375E-004  0.000000000000000E+000
   254.000000000000       3.374740049709263E-004  0.000000000000000E+000
   255.000000000000       3.361505775004521E-004  0.000000000000000E+000
   256.000000000000       3.348374893070909E-004  0.000000000000000E+000
   257.000000000000       3.335346196988922E-004  0.000000000000000E+000
   258.000000000000       3.322418498550980E-004  0.000000000000000E+000
   259.000000000000       3.309590627900204E-004  0.000000000000000E+000
   260.000000000000       3.296861433177510E-004  0.000000000000000E+000
   261.000000000000       3.284229780176830E-004  0.000000000000000E+000
   262.000000000000       3.271694552008217E-004  0.000000000000000E+000
   263.000000000000       3.259254648768642E-004  0.000000000000000E+000
   264.000000000000       3.246908987220276E-004  0.000000000000000E+000
   265.000000000000       3.234656500476048E-004  0.000000000000000E+000
   266.000000000000       3.222496137692304E-004  0.000000000000000E+000
   267.000000000000       3.210426863768362E-004  0.000000000000000E+000
   268.000000000000       3.198447659052809E-004  0.000000000000000E+000
   269.000000000000       3.186557519056330E-004  0.000000000000000E+000
   270.000000000000       3.174755454170936E-004  0.000000000000000E+000
   271.000000000000       3.163040489395398E-004  0.000000000000000E+000
   272.000000000000       3.151411664066738E-004  0.000000000000000E+000
   273.000000000000       3.139868031597629E-004  0.000000000000000E+000
   274.000000000000       3.128408659219535E-004  0.000000000000000E+000
   275.000000000000       3.117032627731465E-004  0.000000000000000E+000
   276.000000000000       3.105739031254177E-004  0.000000000000000E+000
   277.000000000000       3.094526976989721E-004  0.000000000000000E+000
   278.000000000000       3.083395584986161E-004  0.000000000000000E+000
   279.000000000000       3.072343987907358E-004  0.000000000000000E+000
   280.000000000000       3.061371330807688E-004  0.000000000000000E+000
   281.000000000000       3.050476770911576E-004  0.000000000000000E+000
   282.000000000000       3.039659477397705E-004  0.000000000000000E+000
   283.000000000000       3.028918631187819E-004  0.000000000000000E+000
   284.000000000000       3.018253424739974E-004  0.000000000000000E+000
   285.000000000000       3.007663061846150E-004  0.000000000000000E+000
   286.000000000000       2.997146757434101E-004  0.000000000000000E+000
   287.000000000000       2.986703737373355E-004  0.000000000000000E+000
   288.000000000000       2.976333238285252E-004  0.000000000000000E+000
   289.000000000000       2.966034507356930E-004  0.000000000000000E+000
   290.000000000000       2.955806802159148E-004  0.000000000000000E+000
   291.000000000000       2.945649390467879E-004  0.000000000000000E+000
   292.000000000000       2.935561550089565E-004  0.000000000000000E+000
   293.000000000000       2.925542568689941E-004  0.000000000000000E+000
   294.000000000000       2.915591743626370E-004  0.000000000000000E+000
   295.000000000000       2.905708381783569E-004  0.000000000000000E+000
   296.000000000000       2.895891799412678E-004  0.000000000000000E+000
   297.000000000000       2.886141321973578E-004  0.000000000000000E+000
   298.000000000000       2.876456283980379E-004  0.000000000000000E+000
   299.000000000000       2.866836028850009E-004  0.000000000000000E+000
   300.000000000000       2.857279908753842E-004  0.000000000000000E+000
   301.000000000000       2.847787284472268E-004  0.000000000000000E+000
   302.000000000000       2.838357525252162E-004  0.000000000000000E+000
   303.000000000000       2.828990008667171E-004  0.000000000000000E+000
   304.000000000000       2.819684120480765E-004  0.000000000000000E+000
   305.000000000000       2.810439254511976E-004  0.000000000000000E+000
   306.000000000000       2.801254812503767E-004  0.000000000000000E+000
   307.000000000000       2.792130203993983E-004  0.000000000000000E+000
   308.000000000000       2.783064846188808E-004  0.000000000000000E+000
   309.000000000000       2.774058163838682E-004  0.000000000000000E+000
   310.000000000000       2.765109589116622E-004  0.000000000000000E+000
   311.000000000000       2.756218561498884E-004  0.000000000000000E+000
   312.000000000000       2.747384527647926E-004  0.000000000000000E+000
